685	23	602
673	43	168
1219	80	1282
681	132	1096
1503	42	1570
188	122	1446
1382	157	1379
352	157	1425
1535	54	1503
737	42	1275
1501	0	1505
669	0	670
448	36	536
1245	126	993
679	42	682
269	42	513
613	42	546
1009	0	546
536	10	1492
828	42	682
1503	144	1131
1131	110	1130
1445	92	1503
1503	42	546
23	40	446
878	144	114
531	48	1503
1503	0	106
1245	2	1483
1554	157	1194
1503	3	315
48	43	611
1554	148	583
1503	4	900
573	157	1503
1044	0	699
1271	43	785
1097	26	1348
1245	70	343
21	66	1092
959	10	927
345	58	1017
755	107	311
1231	26	1417
1523	121	324
712	69	688
137	0	1219
1503	54	224
827	71	1354
1057	42	1501
1034	10	716
1120	36	1158
1316	135	1503
544	157	1503
1482	92	309
1131	5	1265
106	148	409
1503	43	1306
1503	100	1165
748	48	1503
977	100	18
388	98	345
106	71	1503
546	36	1154
314	10	1158
320	40	534
1158	42	681
1158	48	1343
564	55	48
15	61	37
1109	75	1399
1158	14	1503
1501	42	213
1166	144	954
1520	43	736
387	0	1378
1503	0	1570
1271	144	1013
1503	36	1131
681	2	740
887	0	224
1503	40	546
667	0	340
536	157	366
450	46	1586
1585	36	974
1158	131	1096
1446	43	1163
451	54	311
1503	48	1378
685	42	71
1163	43	224
1246	43	1520
1271	10	1168
481	40	1503
910	40	522
719	0	393
17	0	1503
250	46	309
1196	72	309
1276	0	1097
1547	42	213
736	43	268
1131	144	1562
543	92	311
1158	40	331
961	40	1501
508	10	1482
1131	40	1069
1163	55	1361
1503	100	139
106	93	1503
1197	40	1496
962	7	273
332	157	1503
1503	23	1477
1219	60	137
1329	55	311
1296	40	856
1503	42	158
716	47	15
1503	0	669
908	144	781
311	160	202
211	93	1503
10	122	1158
1503	42	1378
1562	40	1158
670	40	535
1503	3	1183
434	71	1501
126	55	922
268	83	145
71	36	1165
49	10	387
613	0	1042
552	40	1034
211	42	513
1444	42	211
314	98	1158
1503	46	1378
640	4	1120
748	10	703
137	61	1429
1503	83	1057
451	47	552
681	65	1381
1011	10	441
1421	40	1523
1092	43	21
1009	71	546
1092	0	269
1245	40	1531
1503	0	793
681	42	409
250	61	1275
1505	48	1503
394	80	1562
1149	37	1275
264	150	1131
1131	144	1079
1502	36	47
1184	93	1163
10	117	1465
114	42	346
1503	157	1238
1354	27	239
1331	10	553
1015	0	211
1275	0	706
494	144	1503
1102	40	1165
1343	36	876
452	46	1069
1503	60	137
188	46	1435
574	160	20
1419	10	314
681	93	1096
503	36	30
311	107	755
716	3	1009
1184	157	1131
1210	163	1275
1329	144	653
1562	93	314
1501	149	966
1503	49	1298
1503	61	268
1096	47	681
1500	42	810
1445	0	1245
1131	80	609
1023	10	546
118	144	1476
314	0	269
503	10	1356
720	40	345
845	144	345
1501	92	546
1002	42	785
314	26	15
693	48	810
632	0	48
1503	49	393
1562	36	452
1408	93	1093
268	108	311
268	4	269
1503	40	224
354	0	1163
1503	93	1296
389	157	669
964	43	727
536	40	273
899	93	900
503	80	1378
0	98	309
423	2	669
80	48	1398
591	40	1398
546	10	1505
681	48	211
719	91	250
1378	140	546
1016	113	1158
32	43	1048
451	144	1165
1444	48	211
1483	157	287
401	0	1258
1444	132	900
885	2	1503
71	80	1245
1221	42	67
776	43	606
1562	40	15
681	48	1096
1296	92	546
965	42	197
681	42	1505
513	36	1501
1503	36	500
714	65	706
1034	2	1158
1281	0	876
825	71	1163
1461	3	145
1398	71	547
68	144	1503
1503	42	1158
514	80	1188
965	157	489
1294	0	1095
168	43	266
1231	36	4
537	48	311
785	0	1334
1163	36	202
1008	26	1254
637	36	309
927	0	887
666	83	682
437	22	967
1112	40	311
681	4	1047
224	130	669
1503	40	1275
679	147	21
106	144	1219
520	43	508
310	92	1503
498	157	1503
1483	42	555
732	10	314
290	48	679
1093	144	1431
114	0	613
1246	157	1245
182	61	1275
225	43	269
1158	144	1437
1158	47	362
1286	66	211
1503	95	1245
1139	157	609
894	46	1158
1444	144	115
1503	48	867
771	42	1092
1158	79	1503
15	17	1169
667	100	688
678	71	35
1275	79	1164
669	10	546
335	92	725
1503	48	681
1503	72	282
824	0	1276
1436	93	188
134	40	213
1007	144	345
609	42	1204
513	0	716
1503	0	23
1503	36	1044
613	43	1503
57	61	546
148	136	149
1245	36	444
1345	133	681
158	46	1209
637	13	1131
699	40	716
1129	11	144
673	130	574
168	83	1503
1093	0	84
1482	0	1483
311	43	1503
703	0	1131
1131	40	224
1429	0	1122
1245	26	508
230	157	23
268	46	1503
1503	3	269
264	40	732
1165	10	827
1102	10	82
1034	10	552
952	43	1487
114	61	667
48	43	1503
1519	40	92
114	46	115
504	55	1532
224	36	777
1354	40	1325
388	63	1503
1432	46	1561
1503	40	106
12	40	1563
1131	149	842
118	0	1131
1245	100	1443
331	40	1034
546	130	1378
1131	110	1561
114	48	18
537	43	1503
624	48	1431
1535	36	1048
1503	10	1275
30	10	311
1503	42	685
1261	36	137
528	42	23
4	40	748
508	43	669
1503	55	345
1019	0	900
316	83	1503
48	80	266
889	157	1120
1503	46	311
1393	42	588
48	92	1503
682	72	1096
1246	47	1092
469	40	1558
451	60	1275
47	93	1092
1398	117	30
1503	0	783
1503	42	1158
681	10	171
18	10	1255
444	131	1398
1044	162	394
1348	92	1048
118	10	1000
641	26	679
1223	34	810
1503	10	309
1503	10	1158
375	42	417
20	157	1092
1263	144	1503
1444	41	1158
444	46	465
513	36	189
546	160	1444
1092	23	1511
536	80	1220
1544	100	36
1158	10	455
1398	42	1221
1131	3	1019
977	10	1158
1503	26	736
1210	110	1503
635	42	1165
1096	139	681
1513	43	681
674	48	310
1232	157	1101
1503	55	1219
1051	40	1158
740	3	972
1131	43	1062
959	43	1
1378	42	513
1275	42	1503
1501	73	282
1298	66	409
29	10	965
376	48	1163
1070	43	23
455	40	225
1388	157	174
1047	10	1562
223	144	249
1308	46	1527
929	1	1482
451	0	1131
116	0	536
1286	100	348
1092	93	681
1503	80	206
1146	80	1503
1501	36	1503
798	100	797
681	46	682
1032	72	1131
1119	46	644
1503	110	1047
309	42	613
1322	3	1096
171	48	282
106	43	1227
652	80	209
10	110	1277
537	0	473
1503	0	546
536	48	1102
1445	41	1503
1444	43	139
1445	40	1158
1298	0	801
546	71	335
481	157	1034
1503	157	1505
1503	36	311
1057	32	671
1275	26	613
700	36	1301
671	48	1303
679	110	468
1163	3	1017
455	160	310
1538	10	1503
1235	42	309
1102	40	1588
21	157	1535
18	42	310
1298	83	348
513	4	864
1093	160	899
1376	10	282
376	48	311
1444	133	269
436	0	117
1562	0	314
1157	66	1127
965	140	831
536	80	1503
1482	40	1503
1570	152	134
1432	42	297
297	42	468
265	117	1047
957	10	1275
1275	0	1164
311	0	1447
309	48	1275
1345	100	1298
1401	91	1125
1131	42	114
1508	160	669
893	36	1505
211	42	469
1562	157	1075
1272	144	716
1503	10	409
1503	83	116
1337	0	1501
546	80	1551
1047	157	1245
1482	36	513
313	157	1488
669	0	1503
1503	117	792
269	144	90
264	36	114
536	0	1398
546	43	1525
740	54	1188
1445	6	1180
927	40	389
309	54	1131
266	43	261
555	140	39
295	36	1535
311	43	1503
21	2	1290
1482	10	876
1169	0	1503
718	43	1194
716	157	546
546	61	1275
499	92	244
1531	119	900
314	0	1158
114	46	1503
910	36	1068
1219	157	954
15	2	1034
926	0	770
248	4	499
1261	10	282
241	10	1145
1398	93	1204
644	60	1120
273	164	682
669	43	99
48	48	80
106	10	814
508	98	1503
769	80	1216
295	48	1015
605	36	1503
189	56	997
810	42	1501
1444	0	1482
216	40	1275
833	42	1325
1425	157	444
311	0	613
900	110	1503
224	98	1567
513	0	1564
378	10	7
1245	110	469
259	48	1503
874	43	1589
693	43	849
451	27	1528
682	36	681
20	157	1408
1158	0	481
839	0	1329
1549	100	1092
95	43	552
1063	40	107
224	0	1432
1055	42	736
21	98	1158
1014	0	114
374	10	1493
1145	157	1399
311	110	74
1051	110	927
311	10	1503
1503	0	108
1245	46	1483
1503	6	1505
1503	144	524
48	160	685
1135	160	341
180	129	1399
723	66	1408
345	3	1451
345	144	1135
670	90	699
1025	0	1501
269	10	1503
886	43	1012
188	157	856
1410	57	699
1503	36	387
483	10	1012
1095	0	354
524	157	1034
1564	72	1090
669	157	1210
23	0	1247
1345	160	388
1163	43	57
681	46	1092
219	10	1471
1501	2	651
345	48	211
458	67	762
1503	48	451
1500	42	265
314	91	310
268	74	669
321	88	1104
1489	0	389
1131	138	785
211	10	1501
809	48	1271
1512	2	632
224	52	876
1503	46	1515
670	63	762
669	10	410
137	54	927
1482	160	82
114	93	546
1431	36	1378
681	4	83
1297	0	15
699	36	887
1275	54	106
481	10	552
59	102	536
1160	42	445
1402	40	268
434	4	927
366	0	716
830	0	1444
1000	42	1503
681	40	445
1122	157	1445
1204	157	1059
1243	83	839
1096	10	681
1034	3	716
309	92	1275
121	80	1425
224	42	1378
1503	3	309
887	0	308
262	3	535
1044	42	1199
388	144	1503
1503	42	874
681	34	1503
11	40	1551
1562	42	7
1131	0	770
1398	10	1047
273	43	1429
581	92	580
1298	40	1503
311	92	23
1132	0	1503
211	36	468
1535	36	900
1170	106	1503
641	4	691
268	144	137
900	40	1245
1503	46	1219
591	0	1341
1378	93	15
876	48	1298
1246	40	1169
1025	0	785
311	92	1444
34	40	681
1501	36	433
30	48	21
946	43	224
1158	43	1271
673	100	1466
1057	48	1559
1101	60	1503
1535	43	1425
1549	133	1245
1009	0	269
1158	28	869
1503	151	1252
644	0	481
1009	10	613
1095	42	1096
1519	0	927
1204	65	287
1503	123	240
1398	55	1482
1396	159	772
1092	157	899
349	7	1158
673	10	1435
1503	36	888
851	129	699
838	57	76
1247	0	262
539	55	264
1514	61	1503
1429	48	1562
310	46	451
1503	42	106
1131	42	1462
388	42	137
681	61	1096
670	48	1270
266	36	168
682	43	211
224	55	240
952	91	706
15	139	1422
682	149	1096
1245	92	1444
1184	71	831
959	48	1295
723	43	1009
1446	10	1501
975	42	524
265	0	783
814	3	189
1562	63	1503
1096	54	1051
1501	0	11
310	60	266
224	42	748
335	3	613
48	40	962
740	43	1505
552	10	1503
1158	43	183
1443	129	418
302	160	1131
268	46	1523
874	0	1131
1503	43	1378
546	61	1275
10	157	684
311	60	1429
1503	48	1158
1503	40	15
787	61	1435
12	54	1585
1296	110	1501
554	43	1531
427	144	451
1549	46	15
1158	46	23
1051	40	1169
1501	160	1131
1490	61	1245
719	10	1503
1380	40	876
1120	42	1207
546	42	1441
1245	159	1070
1063	43	1444
667	55	112
1092	0	21
1577	60	887
1217	40	1279
224	100	1525
1482	42	1245
752	144	1017
1298	0	378
574	160	1034
1015	91	546
1169	43	910
1169	0	332
621	130	1270
1481	61	1378
678	122	716
1535	66	1019
1158	43	853
552	130	1034
48	60	1026
508	92	861
423	43	48
1106	55	1487
1487	92	964
1173	0	34
1444	111	1096
1501	51	1503
114	5	1131
1016	42	224
876	4	880
1047	46	1503
1348	61	699
588	92	23
78	160	842
1503	42	573
224	43	1396
366	42	1564
953	92	1444
1487	42	1209
810	43	1397
1169	48	1503
1406	42	80
1034	0	314
1230	61	36
659	80	900
1009	157	706
1006	10	677
70	42	554
23	122	1210
373	41	1503
311	43	1503
15	0	1105
348	106	530
1554	144	681
134	147	900
1131	10	650
340	0	1203
1376	157	1503
149	60	468
895	130	799
1296	157	1503
1245	26	1482
23	40	688
1296	144	1131
1569	92	1372
785	40	1503
1503	48	1274
740	0	1487
1477	36	1476
63	140	760
1219	79	1503
1503	40	96
1505	54	1429
682	43	681
1092	0	1015
1345	0	311
1398	54	1245
82	62	304
580	48	1147
1045	92	292
23	144	1006
876	42	174
1247	54	1487
1246	43	876
1131	47	764
1480	43	23
900	110	1482
1260	48	613
309	46	1128
1259	0	1283
1482	91	1503
1431	43	1352
190	42	1348
1443	92	681
546	157	314
1298	43	1549
1554	157	499
1503	0	295
10	6	899
719	100	765
958	46	1363
542	131	546
546	7	560
15	67	37
810	36	1462
747	42	876
699	40	700
227	42	1329
225	61	1407
903	110	115
552	46	591
671	157	1398
593	42	935
1544	93	1296
826	100	601
965	139	1271
853	10	856
1115	42	670
546	100	451
1535	157	1554
1223	43	225
1531	43	691
670	93	669
887	40	1378
1503	7	1158
253	40	295
1163	55	246
1482	22	1483
1057	46	1503
1503	71	287
1503	3	1171
709	26	1234
1399	92	900
536	43	493
887	0	1546
1164	66	23
613	42	114
536	55	525
535	66	536
552	48	977
56	132	1096
23	26	114
570	158	1173
681	43	1503
1503	92	1378
671	43	1503
1089	80	740
1503	60	552
240	40	440
1093	132	1092
793	1	601
277	46	693
1549	2	1399
1503	48	1338
1436	48	1501
1503	149	785
1158	42	398
447	150	590
546	144	481
133	46	959
856	26	1503
309	80	1503
1482	2	669
1501	157	287
1173	125	137
1503	0	211
1158	40	1446
1354	36	1355
580	46	1503
278	43	1276
469	61	1353
1329	145	225
1503	46	295
1503	83	785
175	48	1213
130	42	1431
974	54	268
1091	72	1192
1017	144	345
728	144	1034
682	146	30
801	36	1503
1503	10	137
702	10	1503
1350	10	1508
1044	43	706
580	42	1503
616	48	748
1593	54	492
295	26	1503
1245	80	1501
1435	72	720
714	42	1503
1503	40	876
1245	36	468
23	42	7
1359	117	1350
911	0	644
706	42	1503
15	48	1047
1524	71	1117
673	42	1529
295	42	1561
685	43	345
1173	7	1184
1165	58	1366
1209	65	288
515	10	1145
681	40	1084
1245	93	887
118	160	1120
1245	43	1246
1397	67	345
748	48	275
1114	80	1096
1326	46	1092
23	106	1275
1239	43	469
1554	40	681
1435	100	1482
105	144	1165
1501	42	580
1503	140	446
465	62	460
762	100	682
1576	10	214
1562	40	1503
455	46	837
398	80	1131
115	42	326
554	144	469
847	10	311
1503	157	667
700	2	967
876	144	211
1444	160	670
716	93	382
685	36	1503
492	100	845
268	108	1403
114	144	1500
63	130	1482
1361	157	1219
1131	144	23
977	0	1503
551	157	1204
1482	56	681
1398	157	1399
1501	56	114
54	0	682
512	42	1456
413	157	1307
537	93	516
874	35	1503
700	103	114
1440	40	141
1223	40	1445
1015	46	1462
907	0	1549
1503	144	1387
311	71	468
899	157	445
536	43	508
407	100	1544
1257	0	1223
468	40	470
10	144	731
309	2	389
876	10	673
1035	56	222
669	10	1158
807	43	456
287	7	76
1445	0	314
282	98	284
1503	110	310
1163	56	122
508	47	268
151	42	1535
1158	10	1501
777	48	1209
953	140	273
1562	0	101
221	97	220
546	72	85
268	43	673
74	42	929
1501	48	1286
1503	48	874
1068	10	1184
1163	10	134
1034	2	631
1271	0	1502
1184	71	831
887	157	1131
1397	42	1275
1549	48	1057
225	63	1408
1503	36	543
217	144	719
508	42	1275
96	60	423
106	48	1378
366	43	1393
1503	0	1057
1503	66	1219
583	83	1398
1562	157	956
1223	144	967
48	10	1207
409	0	1245
1092	122	1501
309	40	211
1482	47	202
310	40	1158
544	61	219
295	40	1275
211	36	587
82	0	287
1246	61	382
1503	43	716
552	93	1562
554	0	788
635	40	266
1503	5	829
1503	98	409
1219	91	23
1503	15	1245
967	157	724
552	122	1378
1503	55	1245
388	0	887
1503	40	1245
383	48	1503
1132	0	1378
1549	43	876
1000	10	1503
1503	40	703
388	80	1166
681	26	714
1209	0	1503
1211	144	1204
1503	10	1217
665	43	1258
513	93	1503
537	43	1006
681	40	682
1501	40	1279
1135	160	1173
706	0	273
508	83	1482
1212	130	1551
910	26	211
444	0	465
644	36	269
1501	144	409
1117	44	176
1583	42	1025
1005	93	1503
1302	144	222
20	49	555
546	0	1503
1180	49	1503
616	3	1503
508	48	669
1503	100	546
517	91	554
1146	98	1122
699	3	700
536	2	669
952	40	382
535	42	304
1503	48	211
682	36	570
1426	56	671
546	71	326
1031	83	114
904	157	1345
1416	144	808
187	26	1275
1482	48	1378
1503	0	1165
644	61	268
21	157	1432
546	40	1303
660	40	1487
1186	100	1440
1158	120	1503
1503	42	508
785	0	546
262	36	1444
1023	2	1503
1343	35	311
900	0	1577
1502	48	287
1034	36	137
1223	130	1100
792	157	1078
481	40	309
113	100	1503
637	159	1505
282	30	1503
910	60	1034
1120	48	1237
352	27	1483
580	4	1378
1034	48	15
792	48	917
363	160	573
613	9	633
1503	61	546
1392	48	699
863	42	593
1165	144	1503
574	67	345
513	43	1501
791	0	546
1503	100	662
679	2	1399
1463	42	739
1000	43	82
1503	15	669
1425	147	1035
1009	2	1146
734	46	552
1271	83	682
645	40	1501
1048	46	1301
1503	43	96
337	144	1503
1296	40	546
1131	93	299
1389	10	1503
1398	46	1483
508	47	268
134	42	967
1221	55	1359
1544	4	868
681	0	1095
1395	92	269
1173	42	1298
671	43	314
1562	42	1280
1503	40	309
1424	10	1503
1158	0	172
546	55	389
1503	43	876
363	144	716
1482	157	907
115	91	15
1245	110	1047
681	0	1503
1098	142	546
114	93	546
1063	100	1146
900	165	197
1399	40	677
1188	6	4
177	100	601
1276	61	673
673	66	1017
904	0	1034
1501	43	30
799	144	895
288	40	211
583	42	681
1503	157	1531
1092	157	287
669	43	671
714	132	1092
681	0	1000
886	2	345
1503	10	1057
1158	42	720
145	157	118
1180	0	1503
1549	106	783
1034	42	104
1443	160	671
1057	20	1245
787	10	1158
20	72	21
182	110	1219
221	42	268
1503	48	1296
546	18	23
1503	48	669
1503	0	793
114	40	11
1363	157	287
1503	83	552
685	60	1535
914	46	816
1188	0	34
127	93	1271
1034	46	137
345	98	118
591	10	741
1503	49	1473
1430	48	810
685	46	1169
15	36	1503
1348	2	189
747	48	1245
1208	72	669
1163	0	1088
290	144	10
1419	48	11
1063	144	96
681	0	1503
840	48	839
1445	130	1544
1399	0	900
273	48	1246
268	100	1226
748	0	1275
358	157	1184
728	42	613
224	79	1131
1162	42	244
1513	0	537
546	140	189
151	54	829
384	0	1168
651	93	578
1092	60	1503
224	10	225
1174	144	1171
1503	10	1471
106	144	1503
613	36	638
1506	26	546
309	157	546
372	0	1503
405	43	134
849	100	80
1092	157	785
586	46	1158
1298	36	1158
699	56	268
785	36	1254
1409	0	779
311	100	1111
543	10	311
469	30	311
799	157	800
211	42	908
793	157	1503
1549	40	887
224	110	1131
1275	46	1396
508	91	23
874	92	1295
1476	42	1028
1503	10	1245
669	93	1158
1540	3	269
295	2	1296
1505	43	1063
1503	10	1017
552	10	647
484	100	783
1515	36	793
44	162	154
393	110	345
1503	7	1505
1092	42	304
1246	42	1539
928	40	1168
1501	26	1279
535	2	669
1188	61	477
860	93	1131
114	147	1135
1092	84	601
168	114	892
366	36	1549
1051	55	1303
1259	26	1191
1246	26	225
311	63	1503
345	93	1503
1275	7	673
1579	42	1101
354	108	470
20	92	567
1416	43	1505
1131	144	451
1223	26	1503
225	0	224
1503	48	900
469	0	1503
1102	149	1131
400	10	1230
1348	48	1303
910	48	1251
645	36	1564
1503	48	670
1	40	670
714	43	1535
691	43	1120
736	36	1472
211	157	1330
1503	130	373
1131	46	1171
1131	144	554
1131	160	618
1551	43	816
1275	43	960
668	10	211
469	145	1482
446	43	564
268	2	1562
1445	92	1400
616	4	1503
1413	26	1247
1131	140	422
269	83	469
1005	36	139
1503	140	1057
543	80	852
1503	40	139
1287	61	1503
15	61	529
286	10	552
311	83	87
1348	26	1503
1060	48	1398
451	80	211
483	144	1503
1503	61	546
211	46	1158
788	40	1398
678	157	403
516	96	546
1370	48	552
1503	83	644
930	3	716
1158	0	311
1579	42	282
910	93	1501
15	8	48
1503	40	286
1301	46	1444
1221	27	231
583	36	848
900	126	909
671	42	1416
910	0	1092
810	10	874
1271	3	1223
853	91	616
331	40	536
1336	40	134
1165	5	345
469	27	684
1503	10	1131
1163	26	1092
309	40	114
1501	42	673
1131	144	828
224	0	718
309	43	1275
1503	93	139
196	42	953
469	0	211
164	72	1378
266	42	1117
785	26	552
268	136	225
1245	66	1491
967	7	724
172	40	1270
740	10	977
1171	71	1131
200	36	1535
788	93	1398
1350	0	740
224	66	1549
1503	43	211
856	40	1158
359	144	1165
1503	48	696
1163	10	39
81	48	595
723	157	574
1501	40	311
185	28	1168
1325	144	1131
1047	46	1503
1503	54	211
200	134	1000
682	80	1554
1525	42	1521
731	42	591
440	139	1275
1035	10	15
552	10	793
991	4	546
748	0	289
1562	55	118
1503	122	714
669	91	766
1503	98	1369
330	141	1158
1158	10	810
508	0	1503
1131	40	1275
546	0	1131
681	93	899
1171	157	1348
1503	61	546
61	120	1256
1011	55	1275
137	83	238
1092	48	1096
1101	54	114
1503	0	635
1270	2	546
15	72	465
679	40	810
95	48	1478
1092	83	1009
1298	92	15
1503	68	602
118	144	311
1445	0	1503
211	0	342
1158	10	259
451	144	1165
1171	144	486
900	10	1092
1224	0	309
1482	159	1398
402	61	451
1564	43	366
1505	92	523
593	2	1378
672	2	681
1503	96	899
378	0	1034
783	0	1503
23	0	613
30	42	668
893	106	107
677	129	134
1025	40	630
1176	93	669
269	122	117
1441	42	1275
1393	40	1051
657	54	646
106	99	310
965	4	269
898	145	1120
309	43	451
827	42	468
134	43	1153
598	6	1487
493	61	211
1245	3	1246
268	2	1047
1378	48	1503
310	2	246
1503	80	345
1503	43	546
1275	36	280
1278	2	1562
134	40	546
1245	0	437
670	42	669
669	48	1092
1503	23	669
444	40	1444
1503	143	719
200	144	224
348	159	580
1398	157	669
1487	141	876
537	10	876
219	160	876
1034	48	1433
1503	10	581
1131	42	537
105	61	137
250	109	1503
1590	0	1165
1503	2	106
468	92	268
266	42	48
1473	46	1395
669	42	21
12	100	1563
1445	43	1503
712	43	1015
1221	99	496
1503	10	126
681	46	23
15	36	1503
712	0	313
451	100	1503
546	48	673
1006	46	311
714	46	681
1503	0	335
1158	36	1329
345	144	748
1503	144	1040
373	0	671
900	130	1590
1131	80	367
106	157	1503
719	98	345
189	40	1503
335	80	1158
524	147	1131
1505	160	211
540	133	1158
311	48	31
1549	42	1445
1047	47	400
549	7	1145
149	43	1389
309	46	1503
1444	72	546
1503	157	1429
1111	46	1131
1503	10	1117
1298	61	1503
669	157	670
389	0	20
1092	40	647
1111	43	1158
691	48	1131
681	157	137
1503	10	309
1047	93	1210
537	42	91
976	7	743
402	42	1503
455	80	564
1503	42	613
268	42	1565
682	93	681
1577	157	1271
36	99	106
1444	62	669
145	42	1348
1490	48	649
1431	31	546
1435	83	268
546	92	102
123	7	15
1275	26	1503
1163	0	1303
1546	48	1158
1378	27	1503
876	10	513
1503	0	406
1158	122	1089
785	0	224
681	43	1444
1482	144	716
604	93	546
1296	48	1549
1399	2	1483
1562	100	1313
1034	42	262
593	43	1444
564	43	887
15	80	193
1275	149	536
1034	157	1308
444	58	445
134	68	546
1120	110	82
15	92	1482
295	42	217
876	0	433
1131	42	785
1148	42	592
389	55	736
401	157	899
1165	133	669
381	42	834
1425	66	1092
1413	129	1205
309	46	1321
1093	40	1034
1275	61	793
1015	144	1165
1571	60	1045
1092	157	287
280	104	68
262	40	1503
1245	66	927
20	157	1019
1503	80	282
546	100	376
444	48	796
137	10	1501
211	0	546
849	43	536
1359	0	633
1158	36	385
1223	42	266
1246	91	1393
1531	93	1485
633	43	685
189	139	48
1245	45	1096
1158	48	1503
940	80	1500
1503	83	783
376	65	1326
1503	10	266
47	111	1502
1552	43	309
118	144	719
876	157	287
224	10	1503
1525	83	546
1503	110	282
1501	10	427
15	10	1348
82	0	360
669	93	1245
290	100	669
1396	48	47
1503	5	1387
1361	56	1329
1338	43	535
1503	3	1024
268	110	145
23	55	1378
1129	54	463
1158	93	965
546	42	1239
1171	10	1590
1145	91	537
910	56	1271
114	48	389
1445	0	1144
1503	80	311
747	10	273
1000	160	1503
20	157	649
681	36	1095
887	10	1503
1343	40	23
1073	40	1501
367	57	1503
887	160	388
118	2	1562
1229	157	740
1425	93	1092
225	0	241
613	0	309
224	43	48
1158	62	1241
1398	149	287
282	43	1222
1503	46	1505
543	92	1503
311	47	1424
1503	40	40
137	33	1503
1354	56	685
1093	149	82
1553	3	1503
1158	40	273
748	42	1503
1503	0	1298
1591	144	712
1168	80	651
1223	42	266
1482	46	48
116	56	1332
536	26	677
21	160	305
1501	40	1102
641	40	399
1151	46	1443
1096	60	681
552	4	1010
23	71	224
986	36	1092
1131	40	884
48	157	670
677	140	211
639	10	1397
82	10	849
1412	157	1329
1591	42	750
590	43	52
54	48	536
1158	42	1503
552	143	1503
1444	0	1168
427	147	175
1503	72	499
314	60	1503
1245	48	1145
1246	0	225
513	92	23
1360	144	1349
309	40	748
1572	43	1209
1503	0	311
470	47	508
266	122	1442
1209	91	1444
673	61	48
268	131	311
1503	42	783
1531	48	240
636	36	491
240	110	1503
1215	42	893
310	57	76
358	150	590
741	0	1503
1503	15	268
137	31	546
1503	40	1374
681	40	1084
672	0	1416
1503	94	1135
1005	160	1140
1158	0	681
1396	42	554
1503	3	719
965	66	1092
651	42	1503
1444	93	1092
616	43	389
509	98	1503
1341	71	716
134	10	271
147	40	900
1047	10	1218
1219	83	481
493	160	683
1131	3	310
940	3	114
1143	54	1515
831	48	1184
957	43	23
1378	43	1503
910	3	783
1482	68	1398
1481	43	508
1039	36	468
554	54	1503
1298	40	1158
1337	0	1158
48	43	886
1503	43	607
1275	46	211
1549	43	1378
1296	26	1503
300	36	1457
757	42	145
1482	83	1245
1057	3	1432
1500	0	309
1444	36	1445
1245	80	1501
309	7	1396
10	157	82
644	42	1168
669	91	591
1095	36	681
1204	159	1398
984	46	777
681	100	546
785	117	314
107	46	1275
93	42	444
1531	42	1027
455	110	268
1209	43	641
24	66	1503
716	140	739
1378	0	1432
1246	157	1483
10	93	200
1503	0	1275
1092	91	649
259	100	374
673	140	1275
594	36	1471
1444	132	1092
681	36	1503
444	131	714
546	121	670
152	43	189
1034	0	15
574	160	314
681	46	1503
1503	56	856
1052	60	1444
543	4	1306
1219	83	546
1245	46	1304
1158	34	725
90	0	194
1341	148	1535
868	48	1219
375	109	1503
1278	10	1501
316	83	1562
1271	94	669
504	43	536
678	23	48
1286	0	1503
1483	160	561
669	43	679
1034	0	1467
224	48	268
1505	40	1503
876	40	998
513	10	1308
1233	7	354
537	48	748
444	43	681
980	43	423
481	160	1131
930	46	80
211	42	681
1053	144	721
459	160	882
876	42	224
1275	40	309
1233	40	354
269	3	1393
311	10	1503
114	48	773
1501	10	1088
1482	26	1171
1503	0	389
311	36	1462
536	26	508
546	3	669
1196	43	1163
1503	26	783
381	36	1396
1206	42	744
1503	48	1255
1158	60	308
212	36	90
906	100	1398
1535	65	1260
287	14	1503
574	160	444
1163	46	1435
107	21	785
1503	103	861
633	91	18
1158	3	204
23	54	1158
1180	8	1503
1503	3	887
1523	36	546
211	48	1562
367	3	1501
623	10	670
1445	0	1503
1047	36	1348
331	72	134
1398	83	1245
219	43	1315
1487	100	895
1435	46	1501
742	157	1131
839	3	1223
196	91	1501
1171	80	685
1275	43	910
1069	43	211
1503	42	1131
1084	10	487
287	144	903
1503	160	1131
46	62	1317
536	55	311
389	42	1158
878	4	311
1035	160	1158
1359	71	1503
1445	43	1503
306	79	1158
1503	74	669
596	36	1275
677	56	1398
106	144	316
1319	46	700
1494	36	1398
604	10	1092
1048	56	1047
1503	60	1123
1204	36	546
1263	160	1135
1503	84	1047
1032	46	1582
353	48	1245
793	157	1346
1503	160	1196
1335	4	118
992	99	1158
1120	83	314
810	54	876
228	147	232
1275	3	114
876	40	1378
15	48	1419
1503	60	1092
508	157	1165
1092	43	82
10	140	1503
1245	79	1398
840	92	785
1069	36	224
420	40	886
1181	71	1503
1452	40	603
1399	159	1398
453	3	1223
1503	157	1562
671	4	323
295	43	48
876	40	1503
1503	110	1291
1535	42	546
269	0	1131
1168	0	1503
309	128	1275
316	72	1165
669	0	1210
1378	23	1217
1503	40	1440
910	92	1096
1298	159	37
1097	144	1503
15	40	1440
714	36	444
1296	40	309
268	46	841
345	93	1503
1503	43	1378
716	157	1522
1044	55	609
643	46	211
874	46	710
1255	36	1503
508	43	1482
118	144	1503
589	0	1503
1501	42	1163
314	157	1291
699	10	963
716	46	1245
1444	48	1398
1296	40	1503
1444	43	681
1503	48	1296
669	48	1173
1501	43	79
1270	131	1188
468	43	508
103	144	1251
149	36	910
1503	144	559
1131	2	269
468	130	56
1378	101	1167
900	3	1120
889	43	293
1371	157	1129
674	48	673
268	6	927
469	3	685
1102	80	529
513	14	546
1378	61	916
1423	4	311
36	48	1503
1305	151	1411
1131	157	755
311	48	1278
1531	10	268
1503	43	508
211	43	1462
819	3	1015
996	91	1503
580	80	1503
1503	36	1157
250	30	1503
213	46	436
1398	93	1483
389	46	7
1194	42	1503
1219	92	12
1503	46	977
357	160	574
1173	61	1577
1275	43	1503
15	144	602
1503	47	552
1399	40	900
1501	43	259
1395	42	311
388	147	508
188	31	513
114	141	1275
840	7	269
155	83	546
810	43	218
82	126	1378
739	160	224
476	137	1503
670	60	48
529	61	1444
678	3	1158
399	21	1503
629	10	1163
524	40	685
887	43	1120
896	0	876
757	3	1223
1561	27	169
269	36	1158
861	15	1173
1158	61	1445
1482	40	352
601	10	1046
1034	48	1131
331	40	1047
1032	157	1034
1389	91	172
685	46	1435
15	160	1546
1503	0	309
702	100	311
1551	34	310
1245	57	1158
1245	65	309
546	2	983
23	40	1158
1015	46	667
1245	10	1365
775	100	546
468	26	1444
451	2	1503
211	42	114
186	99	311
320	48	1503
1483	46	1286
1275	7	868
133	48	15
472	42	1051
1501	36	1503
1378	106	1503
1482	40	536
23	42	797
1158	80	1501
673	47	1444
682	0	213
627	40	1503
577	140	358
682	159	1096
1487	144	314
546	0	1418
1034	10	546
1034	2	516
309	36	1503
376	98	1131
1233	7	354
185	91	1444
1275	43	1158
1396	40	1445
513	100	1544
23	41	426
716	146	1165
669	10	1443
893	40	1503
1034	42	354
1246	156	1501
1275	157	1263
749	157	714
128	0	1503
11	60	1503
977	10	383
1562	87	1308
1013	144	261
681	80	1096
1173	157	1131
876	0	1212
524	40	1501
1501	54	508
1549	10	1092
18	66	1503
1145	43	590
324	42	755
96	43	1503
78	160	740
48	10	219
1431	48	681
1577	48	1270
106	93	730
784	110	546
376	42	1250
1131	48	811
682	23	667
670	157	268
641	43	475
1503	10	18
699	36	409
1482	47	4
15	100	1502
1069	92	670
178	10	546
1482	55	1245
887	46	224
959	46	1295
1219	42	1275
1035	26	544
582	36	1503
1131	147	1503
1158	42	1501
336	10	1246
529	61	681
1397	7	189
236	0	611
1083	40	147
536	2	900
225	62	997
1270	16	905
1419	10	1158
682	40	714
82	48	489
309	55	48
1372	46	104
757	43	839
1171	0	1092
876	144	1188
670	122	623
1158	0	537
1207	48	118
1564	43	1445
535	66	1555
813	119	1131
619	42	1158
134	34	1002
437	48	536
1165	61	1166
876	93	546
1221	42	962
508	48	1120
1397	0	714
1347	42	1047
231	98	189
959	0	1535
224	5	1241
1044	46	224
1131	10	1453
1318	147	287
1343	39	24
27	43	1449
1503	93	524
1503	71	1259
827	157	1236
1429	160	1061
720	100	82
668	42	1275
719	0	1501
153	42	398
374	117	719
1503	10	546
1	42	174
1047	157	1503
1372	40	1034
1464	40	1189
1223	0	1097
21	47	1092
503	40	997
681	157	1398
40	0	1503
679	92	125
580	10	446
886	43	887
1503	40	309
1096	122	1444
1034	144	546
747	48	664
676	0	597
927	48	866
432	157	1270
876	0	1503
546	46	1032
1009	43	682
96	86	934
670	92	1503
669	63	1412
1387	6	345
1490	0	392
783	10	1275
444	46	445
16	10	1047
116	43	470
1015	144	1477
1016	40	367
1131	26	1466
640	42	266
840	10	839
188	0	1501
1535	66	1275
282	144	1268
667	55	839
1503	10	944
1015	156	546
300	42	126
311	42	295
63	92	1444
224	80	1131
510	121	682
1503	46	224
1367	67	345
1254	157	234
21	157	20
188	36	1465
554	110	783
1131	160	1429
723	46	1408
1293	150	358
13	91	114
1551	40	311
1009	40	681
1145	42	282
23	42	1590
499	157	1131
1152	46	1435
552	157	716
1296	42	444
23	87	115
224	160	1139
32	80	1551
114	0	857
1093	0	1296
134	83	810
783	160	1503
1245	46	1503
301	157	1398
959	43	311
676	36	309
1554	83	817
997	0	1092
1503	157	1499
910	80	23
719	6	508
20	10	1408
52	43	1378
552	157	1034
1163	40	269
1009	48	1179
919	13	1034
1460	3	783
1275	43	224
15	0	1030
1076	72	118
311	10	262
546	29	787
765	84	1490
1348	35	314
1158	31	669
889	43	992
1501	61	1435
1503	0	273
23	0	48
1158	10	633
839	144	1329
1034	48	552
18	92	15
1169	0	1041
47	42	1549
663	48	1437
814	7	73
1396	42	1524
581	40	580
1348	40	1047
446	160	1354
1158	54	1445
668	15	1275
874	0	224
1503	3	783
1503	160	1403
1247	36	282
725	50	552
269	36	211
886	55	1432
1503	93	1296
1490	42	699
1585	125	192
1503	8	635
876	140	268
114	157	189
593	40	546
1261	160	1503
360	40	273
1110	144	176
1363	92	899
1184	43	264
900	136	134
1501	10	1378
1383	7	3
371	3	211
76	55	301
554	144	1503
1131	144	1408
1503	0	1275
211	0	1503
493	3	1354
1259	144	1165
1000	42	1013
719	16	1429
1275	43	23
1275	43	1503
375	34	1503
1228	0	309
21	5	287
330	40	423
1503	91	123
146	140	114
1034	3	1544
900	157	1535
651	130	345
224	72	1505
719	80	1501
1158	3	682
446	47	564
792	0	389
219	45	1505
1092	40	1118
211	140	468
310	10	101
1501	36	189
463	10	1171
1158	157	1515
1503	0	1131
685	47	799
13	36	269
1146	0	1296
1165	147	409
432	0	1546
748	92	446
1443	93	1399
714	42	1503
310	40	1396
1503	26	552
181	92	451
536	42	650
613	55	1505
383	93	1503
1165	100	900
669	54	1245
1501	91	546
1034	48	1275
740	42	23
1398	162	679
1131	32	134
638	157	748
1501	110	613
295	48	1275
1432	36	219
189	92	477
669	93	1
874	48	837
1551	93	225
1503	3	1219
1503	43	1111
1503	5	483
21	149	1503
1275	42	1130
1468	0	876
70	43	1120
633	60	671
1158	42	714
237	36	592
1183	60	374
1047	0	1025
406	5	1503
503	110	580
23	46	468
427	54	874
1418	61	116
1503	91	719
1503	0	311
1002	0	1444
1131	36	615
1501	55	910
669	92	224
268	47	624
748	91	1131
876	0	1169
469	91	1359
720	2	876
546	26	1563
1395	42	366
268	8	1158
832	40	427
1503	157	1054
15	0	384
309	10	1503
668	144	1131
257	43	883
1500	144	1189
1549	43	268
1551	0	1396
720	144	367
899	157	1032
1448	93	1145
191	42	945
1503	46	1298
282	14	345
628	91	1301
1288	40	1022
1131	144	958
742	0	314
1298	10	1544
685	36	876
521	93	601
812	157	1501
1096	10	682
546	28	667
1245	0	1483
1503	91	580
134	66	965
237	36	1329
1071	122	1131
1259	42	1171
1275	54	635
681	48	1095
264	0	137
667	0	839
681	144	1554
98	10	282
1349	47	1047
444	5	106
1503	15	1245
508	43	445
1483	0	1206
1170	144	1131
268	42	220
150	42	268
1158	134	1503
928	48	1503
1275	4	1219
1286	66	679
1503	80	552
268	52	377
900	71	1444
105	46	1503
219	157	1219
15	66	503
330	27	1503
48	162	1408
1398	54	63
538	8	89
23	80	716
644	0	23
543	1	1180
700	42	463
546	10	1034
740	3	927
1131	40	1503
1544	4	1275
348	43	469
1120	93	1329
892	53	859
1562	0	876
878	60	114
910	157	1135
1378	91	839
806	48	382
508	110	669
1503	43	402
1503	43	810
48	147	602
1563	10	215
4	40	444
783	42	1120
910	48	457
1514	61	434
311	80	1422
419	10	264
1578	0	910
1131	144	1487
681	160	706
1355	0	239
1503	161	1272
268	69	842
876	147	409
1156	71	1044
388	46	1503
1158	10	295
669	21	1482
1500	80	310
224	0	887
610	10	1255
215	108	444
1564	36	450
1329	36	355
543	6	876
465	55	1381
776	0	1378
748	48	1554
1444	43	389
1096	40	4
1158	41	554
1131	36	642
1501	91	667
1158	117	1526
1503	23	1219
495	40	719
1279	61	1275
684	100	118
224	36	785
366	48	469
908	43	552
900	144	1375
224	46	1047
48	40	51
1482	93	681
134	42	451
1503	122	748
883	42	1396
669	144	345
1219	42	1158
1444	43	682
348	43	1057
1120	83	168
1502	40	942
697	144	1134
115	40	699
1503	140	874
442	40	1057
268	47	1403
314	93	546
309	43	220
1135	160	1173
1034	83	546
1549	10	1092
1355	60	211
1163	144	345
492	2	424
1503	3	1131
1243	98	82
345	93	225
471	10	203
224	159	219
48	10	224
1097	144	887
1503	0	1000
1483	48	1482
1511	129	1047
748	144	105
1209	40	635
900	130	444
18	140	682
1503	3	311
1131	144	1503
23	40	802
470	56	1563
484	91	36
740	36	23
1503	92	1131
1527	91	1275
1180	55	783
683	43	261
1312	140	1551
536	100	1209
1399	93	546
1092	93	1131
1503	10	1245
682	144	715
96	63	895
1445	40	707
1531	40	220
1020	92	114
138	100	1314
309	36	1503
848	144	1164
1385	5	225
889	144	1131
1275	43	1503
533	61	1503
1359	0	1034
1271	40	1245
682	36	681
1441	100	311
1131	94	138
543	10	1503
1131	43	114
876	149	681
511	72	1503
1503	3	783
1503	144	1165
1503	148	546
1209	3	134
82	10	1163
725	157	481
1275	10	834
1239	48	1503
685	42	268
114	56	699
783	157	565
840	110	839
371	110	900
293	63	889
1527	71	224
1092	36	1361
814	143	1503
492	100	530
1131	10	813
248	46	1429
389	160	748
188	47	1435
82	27	513
224	0	311
682	133	1158
466	3	465
1393	36	382
951	42	45
314	42	570
613	43	1535
165	62	1108
1245	40	224
1173	122	900
314	43	732
263	43	1163
118	160	1000
829	83	389
980	61	444
1568	2	1146
1503	46	15
409	10	1480
1432	160	1345
215	36	53
598	46	1459
48	110	1341
106	26	546
18	80	1201
426	36	23
1158	52	48
783	40	1089
1505	10	211
114	0	1503
1503	46	1159
1343	157	644
644	42	641
1131	118	1419
122	144	80
1245	48	1539
262	42	119
516	130	1035
1503	43	1275
1503	1	402
1245	26	669
1354	36	897
552	3	20
82	157	1092
699	10	1044
268	0	1551
1158	0	1503
489	43	1377
681	42	28
839	36	1531
1158	48	311
1505	36	712
1501	157	673
1298	48	538
1298	26	1158
1131	80	248
1444	10	82
127	100	687
1164	10	1503
1554	157	1535
1477	40	820
1245	46	1482
464	40	699
1501	43	224
1501	80	211
352	130	1491
965	42	704
1240	46	979
635	91	1444
21	18	20
1245	23	314
1217	42	853
1531	0	1503
1398	43	1308
1425	92	21
1131	72	1503
786	3	719
1245	46	1051
934	42	282
135	44	134
481	160	1131
899	42	1291
670	92	546
618	157	1135
1503	3	1145
668	61	644
1429	47	311
348	92	580
1003	48	803
1581	42	1528
1034	42	581
552	61	1503
719	42	107
2	42	1503
469	40	15
1051	42	213
1275	48	748
310	56	23
1173	86	669
1503	50	1029
1015	91	1503
1131	10	296
268	40	23
719	3	1354
23	42	810
1503	46	841
899	149	1139
723	92	1317
1044	36	1503
717	42	1381
1093	144	1092
1158	48	1503
1265	161	1117
1254	80	1131
118	0	1044
1378	0	48
400	5	449
810	10	1444
1158	40	803
669	48	1057
644	92	361
370	157	1503
1034	61	647
1503	45	1217
137	2	1145
1527	48	1275
831	157	314
1158	0	240
1170	0	1503
492	46	21
1219	91	740
469	54	1435
1549	43	106
1131	0	590
1544	10	1354
211	3	1276
1034	92	1158
282	43	1145
1503	48	309
149	43	1156
1131	42	613
679	147	20
499	157	244
478	48	1264
23	42	311
1503	0	1298
1034	40	311
1320	40	699
1501	92	1337
273	144	1065
283	42	1503
1443	60	1503
901	80	681
1141	42	606
1359	0	149
1019	138	1291
899	55	1209
546	10	876
1158	55	82
601	83	1133
699	83	309
48	42	681
1102	88	122
82	48	579
240	6	546
1173	91	547
1168	42	74
508	60	1425
876	36	644
1131	146	708
523	69	1158
1503	93	1246
1092	26	21
967	66	134
1146	144	1408
679	3	899
244	36	1355
508	54	1501
836	46	1034
1503	48	310
532	16	1443
181	55	1535
639	48	1478
580	48	748
1138	92	899
1329	144	699
1246	10	927
211	40	250
1503	100	1245
389	3	1120
211	144	1503
810	114	448
799	26	895
876	43	455
444	14	927
1104	40	949
939	40	681
309	60	465
1503	2	15
552	0	725
1510	100	681
1210	61	48
268	42	1247
1444	145	886
1173	123	1562
23	110	1131
1034	40	546
1207	80	1010
1490	80	546
1131	98	959
268	138	1131
1501	47	224
1503	48	984
1015	91	68
1482	48	681
1145	42	831
949	43	833
221	106	745
455	0	118
11	147	810
669	36	670
1503	40	1345
211	10	11
1566	36	1266
591	93	508
389	43	1503
1503	160	389
394	48	609
1254	48	171
1462	10	910
1526	98	1246
219	91	1075
1069	48	43
266	48	268
1503	48	681
728	2	1032
1542	3	548
366	40	1564
1483	159	1398
444	44	26
669	40	1438
1158	71	1166
1501	0	1428
389	0	211
876	10	1158
291	42	748
956	55	481
1444	83	268
7	43	876
834	46	118
776	26	1531
390	157	1482
1390	10	1034
15	42	1063
411	43	1503
177	0	1378
268	36	61
669	42	679
1245	144	900
1531	43	1503
526	55	1503
1501	106	114
211	43	1311
1043	56	667
1129	42	536
445	40	714
669	43	583
451	42	1261
389	42	1500
633	36	1378
1034	10	1562
268	0	1223
1503	46	1298
309	10	1158
335	46	1503
1096	157	681
1298	48	1158
1389	10	965
1344	10	1509
1354	144	1305
118	3	1193
899	159	1385
268	54	1047
268	26	1210
1503	40	180
1456	43	1163
893	40	1374
389	42	739
1120	0	700
1503	0	10
1502	92	296
491	92	47
1503	105	1165
196	116	1129
1479	0	1503
1590	120	253
1395	43	224
1296	110	1503
1047	40	1301
1455	48	681
211	40	876
440	40	114
1458	40	1213
1503	55	1092
137	46	15
213	91	1501
1503	110	1048
1047	40	900
536	46	535
1363	23	608
1398	157	1483
1158	46	1161
23	43	1592
1465	66	151
23	2	1158
1398	140	1096
1503	0	1047
1354	3	1515
1503	2	669
669	0	876
1015	43	174
445	79	444
1298	4	1503
1328	3	1223
309	2	641
1158	103	669
634	46	671
1158	40	309
1503	43	269
1431	144	1374
1032	144	746
681	42	810
530	42	748
313	40	716
1484	44	1092
1011	140	1165
1433	92	546
1382	146	1173
1018	36	314
669	62	1577
32	42	1503
1171	10	1158
601	0	1503
649	42	82
1503	42	995
1503	10	1544
346	159	1503
967	42	1575
296	40	1015
1092	40	213
536	3	1416
669	10	591
1483	83	1482
1190	54	956
1246	80	1245
295	0	587
1131	147	1275
376	42	546
149	55	536
1503	3	1168
1503	144	268
1441	61	546
114	26	468
1503	10	309
296	43	1253
1034	92	580
444	42	1271
1359	42	613
1378	122	1503
698	54	1503
1343	26	23
107	67	1057
685	160	1275
23	72	1131
1131	0	1515
465	40	460
1500	83	546
161	0	1002
335	157	134
1275	43	900
1131	40	1487
108	40	627
1487	10	311
1389	42	570
704	43	444
47	0	1332
1096	10	681
331	0	118
114	42	60
211	144	409
1246	0	1490
1275	63	1503
1503	80	876
1387	144	1503
21	48	1520
114	43	11
1165	72	804
315	92	36
1482	92	1503
1299	157	823
23	42	712
1102	40	286
1092	161	639
268	43	1105
1069	147	613
480	10	434
1503	13	1240
106	42	1503
876	40	1503
15	10	1142
189	108	681
1426	157	122
1057	144	1345
118	160	1131
103	26	325
106	10	314
1444	43	224
731	0	1092
729	144	1165
23	43	1343
96	157	887
543	46	1503
546	93	1154
699	0	1395
1501	144	714
508	144	1165
1217	46	297
633	110	1134
1158	80	580
189	66	546
1554	42	681
1471	130	1503
1158	55	508
1065	144	118
1501	160	1503
1131	10	1549
163	61	1431
1444	157	1408
1092	160	1535
258	10	474
10	40	15
427	26	1246
866	83	15
1503	40	1535
181	66	1164
1378	92	677
1102	69	114
1503	42	231
1543	10	1398
593	140	1503
211	3	1501
546	40	54
82	117	1482
18	21	23
97	47	1017
1034	0	716
1131	93	805
188	40	134
87	10	334
322	2	23
149	0	1381
1393	60	149
1149	71	716
11	93	451
1054	55	1503
1503	69	783
569	42	1140
713	43	1158
15	10	783
1275	42	1535
1503	46	1306
613	122	1503
213	42	821
182	67	421
1581	43	21
23	144	460
1403	42	1531
1444	40	681
1503	51	448
876	71	1503
1381	93	1350
1432	43	1463
444	36	1382
224	48	1503
224	10	513
943	56	536
845	40	546
82	0	1425
1503	7	295
1245	40	1482
1158	79	508
172	157	845
681	0	448
311	31	546
224	54	784
1200	80	1092
1442	43	168
1482	40	1502
224	42	1048
1501	60	1279
1298	92	1158
1047	47	1445
10	157	1503
106	42	1503
219	130	1057
1073	48	907
1217	42	138
1002	72	10
1490	0	723
681	144	1096
828	56	1007
1503	48	211
134	80	1131
681	51	704
1535	42	491
849	55	1378
345	81	1131
1054	98	1501
670	92	546
224	42	1131
1048	40	1349
1590	93	148
1482	54	268
389	61	499
644	61	1562
1096	92	1444
719	66	1503
1577	159	408
1483	71	1056
107	3	720
513	100	23
1482	162	671
1503	10	1157
899	26	1093
72	0	546
681	4	832
1503	26	1219
1219	0	1551
910	42	1511
469	3	1223
1164	80	613
1034	6	1389
230	91	1158
950	40	1503
1503	98	644
1096	72	1165
508	36	1328
10	0	1361
699	43	905
373	83	1503
558	10	1169
48	130	1121
268	61	757
1015	43	1503
793	40	1503
575	0	1368
1165	144	1491
106	0	1503
1503	130	681
1503	71	1275
669	100	681
814	42	1101
1502	16	20
1034	2	401
934	91	546
1503	0	1442
1444	46	669
1158	40	1505
712	63	23
311	100	1044
1549	40	451
1034	129	1131
1359	100	899
729	26	1219
1505	46	1006
1183	80	118
106	157	1396
1503	160	388
691	36	373
376	144	21
644	3	1298
1503	3	1158
444	42	1549
1445	0	1092
1017	40	118
1168	40	1286
678	140	1425
1048	8	1242
1341	6	1131
62	43	1590
304	48	280
1503	59	546
1219	42	1232
700	126	114
1359	157	499
1034	43	546
224	43	464
1503	0	106
1554	144	682
268	83	1245
311	30	1017
699	140	134
48	55	1343
401	18	513
116	122	667
211	55	1503
114	46	911
1009	56	641
1503	80	1168
1131	160	295
1524	42	266
131	48	1092
481	93	644
406	147	40
297	56	434
1549	148	1096
295	46	1503
23	92	366
21	157	118
1432	46	1429
179	42	895
314	83	590
258	149	493
224	140	330
1217	48	716
1436	3	203
1131	144	959
345	160	777
107	4	1503
513	5	508
1503	144	670
224	40	874
1104	46	910
211	10	1455
1009	42	1068
1355	0	895
70	0	1163
1503	65	25
445	67	10
1319	36	700
1501	36	910
725	67	1166
613	36	1429
1149	26	15
910	43	1279
63	100	1398
345	0	1171
546	80	1298
345	98	679
1503	3	1378
740	83	1158
48	36	1529
669	93	1549
1503	42	389
1238	92	910
1359	95	1138
829	157	23
1034	42	1219
932	28	1391
685	43	1015
1255	42	1503
1271	4	1348
208	92	1021
944	10	513
189	92	1501
125	43	1292
1503	0	876
681	20	265
700	57	699
546	140	137
352	40	714
304	48	269
1437	144	88
792	112	220
345	144	924
268	48	145
537	145	1158
546	48	1002
211	36	1562
224	92	669
719	10	376
1111	93	1275
311	144	1378
1390	144	1503
1245	10	181
1359	100	182
887	40	1260
224	36	373
1399	10	1483
137	83	281
1232	160	1503
1503	3	1025
562	43	1503
1131	157	1073
1501	10	469
1470	42	1503
536	46	535
1296	3	546
581	122	580
1158	109	1503
719	144	1165
1092	40	504
552	43	770
604	43	681
1036	42	137
1503	40	211
753	36	1450
1158	14	1503
1505	42	910
1399	159	1535
1275	43	1503
495	80	637
137	43	162
1158	36	1455
1531	43	784
546	40	1503
691	46	194
134	122	681
1503	36	1549
1430	42	268
1261	100	68
876	144	1503
723	110	477
669	92	1501
1152	43	353
1435	98	682
23	40	598
863	157	887
1359	10	188
438	43	224
900	42	699
1158	52	48
1093	10	1274
1501	10	1276
96	162	1246
740	63	1378
552	109	531
874	48	1503
506	163	1093
1309	42	1424
1296	48	965
1442	40	81
2	61	454
985	144	220
1278	42	1501
309	79	1505
224	10	1503
536	93	1532
264	40	644
108	55	1119
900	0	1131
1396	42	1503
1503	144	345
546	43	19
1503	36	1127
1051	0	492
267	93	1563
1436	43	670
1337	26	15
1278	10	1501
499	43	169
1034	40	910
670	129	345
994	83	876
1096	124	714
819	10	106
1490	61	1245
1158	48	1499
1009	0	264
310	26	171
1399	157	1444
1245	26	1503
1501	43	1537
1503	0	552
459	43	523
1212	10	235
893	48	1503
124	27	1482
546	66	1408
1275	0	1587
1131	144	300
681	144	1431
1574	40	1158
748	43	1398
849	43	1425
900	122	1291
554	2	351
367	62	669
579	160	1138
220	55	1531
224	42	1503
900	93	1034
673	0	716
1168	43	1503
1503	80	1245
546	43	481
663	43	1103
1503	42	32
1398	42	1505
1163	10	1276
1398	157	1425
1503	36	1505
1501	139	1102
1501	36	1045
1503	103	1131
1158	36	1395
255	93	132
524	83	1131
681	93	583
792	29	1399
818	160	535
1130	10	1503
1348	92	1048
711	42	1163
1171	66	118
1158	47	1296
311	43	1280
1503	0	1505
1189	127	127
1535	36	1348
1369	40	1096
508	10	211
1146	48	1427
1503	46	309
1348	43	658
1271	3	1270
1503	0	21
766	48	1445
853	0	1276
650	0	887
171	71	1096
613	0	1063
1135	160	669
311	55	268
1549	132	900
389	23	1188
1446	40	1396
837	42	1145
644	157	552
1015	42	536
602	10	1503
678	80	458
554	36	874
1459	110	40
685	63	895
1330	160	1554
682	157	1399
1398	40	670
1429	157	106
1275	140	1503
1503	43	82
118	157	376
925	0	770
1459	121	1453
1275	144	633
106	110	1503
23	10	1562
546	92	23
1503	46	409
1503	91	1501
450	80	1590
499	157	114
1131	144	114
1373	93	367
1111	110	1131
1134	3	157
389	83	544
716	157	467
837	91	1275
1503	98	1416
1279	61	1278
977	2	1276
224	40	497
1399	10	1398
1525	83	666
481	40	1158
537	0	613
1131	63	295
1549	71	719
893	45	118
785	42	1432
669	40	381
543	140	777
211	61	944
679	140	671
1009	40	1092
1503	26	785
367	48	62
726	42	1535
1105	42	974
562	43	1503
719	79	1092
639	43	992
224	42	1047
1048	117	1503
1348	26	699
681	51	704
529	92	583
1490	66	242
224	100	1105
682	144	1096
1372	0	1035
1131	144	537
213	0	876
1092	146	1173
1034	93	1158
673	2	469
933	43	1378
74	48	649
699	46	247
874	42	1549
1246	54	910
1503	0	1471
669	3	1158
866	36	552
1173	144	111
885	122	273
1158	10	1503
845	40	1163
1503	89	1181
1116	105	224
1503	61	546
1194	2	681
23	2	431
783	40	1051
669	0	1501
587	91	535
389	36	545
1502	36	678
644	36	1462
10	0	546
1120	40	1378
887	42	1158
1503	42	1207
787	46	788
1187	92	1549
459	157	546
1504	144	770
1549	92	189
1503	100	1171
744	0	1503
1275	43	1503
712	93	23
452	0	224
314	61	1562
1398	100	365
1285	110	1482
309	48	748
1425	122	799
1275	46	168
269	42	1158
1359	3	1158
716	42	137
1503	31	797
1047	43	1245
783	100	309
552	4	314
600	40	1503
324	80	269
1482	79	1399
1503	0	622
774	10	1503
424	36	580
1577	80	1270
1329	144	1532
1435	46	469
1015	42	1501
1503	147	1419
1570	23	1015
1081	42	310
35	40	778
1246	92	785
1245	4	330
1554	157	681
1378	93	224
1416	42	1173
1482	54	669
409	147	1131
965	92	1102
211	140	1503
1538	36	1501
1308	130	656
737	80	345
1034	10	595
48	48	611
839	60	613
219	46	1069
1131	43	647
1503	10	1011
1271	36	757
23	10	1564
783	10	1503
1275	36	1280
1047	46	1348
1502	48	1218
529	93	583
644	100	311
536	150	1165
1503	160	393
481	0	299
511	72	10
443	36	1158
589	60	1348
1503	36	290
1476	0	1503
1131	146	1173
1119	48	748
1225	83	352
310	10	489
1501	55	189
1570	7	748
468	10	1044
685	40	554
311	42	367
1444	92	681
269	54	876
465	47	444
1503	156	748
1487	42	60
406	93	1503
1275	43	503
444	40	714
681	0	1210
1131	147	1444
1503	40	719
1311	43	199
1158	48	1503
704	40	444
1131	157	21
1549	43	1047
224	98	15
1245	71	1296
670	2	268
1034	91	1131
272	42	613
910	36	279
1246	43	1254
360	42	669
1503	93	409
776	36	268
878	144	1131
1570	36	1213
1503	42	611
673	36	1501
837	2	309
83	23	268
23	79	100
613	66	598
1003	144	275
21	34	77
1209	66	1487
211	10	224
893	43	748
219	43	1173
685	42	1393
1503	55	231
1275	43	978
1503	9	107
1271	40	1189
181	80	15
1158	131	810
66	73	858
1503	48	748
33	110	1275
887	60	1146
1359	91	446
1398	10	1503
1503	91	309
1549	91	1000
673	40	912
999	61	1503
309	0	220
1570	5	1387
15	42	383
1034	43	1348
1011	91	991
524	139	1101
887	61	314
423	54	1535
1531	46	776
15	55	1092
331	41	1378
92	42	723
1425	144	1503
21	55	287
816	100	1317
641	3	1158
1503	72	669
1158	157	849
146	61	1096
1164	79	810
1275	10	1544
311	144	699
1071	36	114
1158	46	1420
311	48	427
268	47	1503
831	26	409
973	7	1188
1445	3	1503
1378	10	134
651	48	1503
80	46	508
503	48	452
1503	43	293
1533	110	376
418	122	313
107	40	166
670	0	1412
1462	96	149
118	40	282
1432	0	1288
1417	43	714
699	60	1503
1171	0	1467
106	80	345
1275	71	916
633	42	1275
1482	40	1483
887	65	15
554	157	1425
740	43	23
928	26	1544
1501	123	213
670	159	1399
1381	72	876
552	25	503
536	60	311
601	100	1035
115	80	326
580	133	669
1210	0	1348
1131	0	1503
266	10	468
137	42	224
23	10	876
1477	43	1525
1503	36	681
644	42	1505
1120	98	785
1275	54	266
1093	10	1092
1570	10	309
1245	42	1440
1501	3	719
1501	47	987
1212	40	1466
1158	10	1102
731	157	1131
314	93	1503
468	34	1501
261	43	233
1271	0	1223
1482	26	536
24	10	1158
910	0	604
481	43	1503
430	42	642
48	40	1389
115	144	1131
376	130	330
1503	40	1219
1251	52	1165
1275	10	41
1086	40	1157
389	36	1275
689	43	1431
1429	10	536
314	48	1503
287	42	1291
1570	81	1544
1445	48	314
699	110	968
445	40	1503
613	43	842
1503	91	785
47	42	456
211	40	444
268	151	1057
1165	144	1016
21	157	477
1554	42	681
790	92	189
1047	46	1245
783	36	613
699	83	1044
1371	91	1503
976	42	1131
571	42	723
1503	93	580
215	48	681
1505	44	868
685	42	828
1158	71	392
679	91	225
1275	42	309
579	43	448
1503	91	1275
1063	148	118
1219	40	1131
669	133	1513
682	43	1096
877	149	185
1286	0	1439
1549	61	118
810	43	1119
158	144	682
1197	43	5
1158	100	1503
273	0	728
1262	95	1204
810	40	993
1501	91	440
1503	100	989
1503	43	651
1325	3	1102
1503	26	1551
1500	126	1188
1158	79	1444
392	117	723
855	42	332
620	87	1217
1217	3	1169
1102	43	1520
868	67	834
965	160	1516
546	0	282
118	42	219
1549	157	1546
310	61	546
243	36	311
1562	93	218
546	46	1298
673	48	188
792	4	1503
786	43	1503
1099	43	699
1505	43	1298
1306	43	937
71	157	1503
268	76	1120
546	40	952
11	133	224
692	0	552
224	40	1163
311	42	185
455	80	1149
451	144	137
1503	91	1308
1490	0	52
1299	122	1
240	157	1503
1048	26	1444
1525	133	1158
1015	43	378
116	42	536
860	43	1034
1503	42	592
1150	46	1443
915	10	1131
1131	160	287
1503	36	456
644	0	339
1503	36	1352
887	40	151
758	91	48
215	46	445
11	10	1549
23	48	1275
358	98	831
1378	40	876
1158	46	1296
211	43	149
748	43	1503
335	36	1246
1346	10	508
1501	36	1015
1131	36	261
1432	49	23
602	48	1503
740	0	213
697	0	733
825	35	546
1275	46	1503
269	140	282
1546	3	389
1131	157	1549
1135	160	613
564	0	777
1171	144	716
1590	42	588
224	45	1551
1382	47	1189
1158	46	1047
1503	42	893
23	34	740
613	43	1131
1503	3	977
1483	0	669
1131	23	1343
1232	160	537
1503	66	1296
1503	56	468
261	141	240
1503	48	1173
444	83	1503
103	92	469
1092	147	808
1015	144	1485
648	157	1341
348	47	1435
513	46	1101
1295	71	959
681	48	1158
224	0	874
669	8	1271
822	26	1503
1089	40	1097
681	40	546
1503	91	1378
314	36	682
1300	64	843
1435	46	1238
1275	0	1378
508	0	1158
670	129	1398
669	122	1158
681	46	445
1296	100	546
1034	80	118
1503	2	389
1503	157	10
1188	43	48
1503	0	1348
1398	10	918
1120	26	936
1503	48	1398
874	0	703
513	42	1501
1000	42	1503
669	110	469
920	42	1483
1503	40	876
1245	10	1503
1048	0	1158
1328	60	979
1503	83	580
1361	47	213
537	3	880
1298	91	546
1102	10	1158
63	48	1399
296	0	552
134	0	927
671	157	679
617	40	271
651	36	1503
783	100	678
106	10	452
423	36	1266
224	10	1269
516	157	481
481	157	1560
1131	42	1501
389	0	103
1034	5	719
611	110	693
291	47	1501
1466	0	15
1169	10	546
508	3	1443
541	46	268
874	0	1308
682	45	1503
1503	6	829
1503	83	250
319	42	23
1426	26	1503
446	42	1188
268	10	1092
386	48	1158
168	43	585
1535	4	1503
314	0	1255
363	144	1393
1096	106	681
1501	26	644
1512	61	448
1034	55	1469
1501	42	1503
149	40	1140
1562	93	296
90	43	211
114	40	546
1501	11	1145
1503	72	1158
1503	1	552
1503	93	1057
427	85	333
1441	79	1531
853	0	1445
147	40	47
1050	0	546
1218	48	417
546	43	574
836	60	1378
1570	0	1503
1503	144	546
719	144	633
732	157	876
1503	80	114
1446	46	613
1503	48	211
1034	42	552
717	41	1158
1131	80	613
1117	43	536
813	43	11
82	157	1317
681	54	444
1096	134	681
106	80	1503
1025	108	1444
1369	10	788
1435	36	395
1298	10	219
1399	147	42
651	122	669
1444	3	1101
671	43	672
1501	40	1503
735	110	876
1483	0	158
280	160	1503
1503	3	1223
1389	80	107
123	0	748
806	43	1158
309	48	1503
1158	122	366
1503	40	792
1047	4	1546
1302	42	147
1503	10	887
1120	16	309
681	42	219
1501	10	1296
1501	79	1034
311	55	748
546	40	311
513	0	1359
1245	157	1158
269	100	840
910	4	1361
1111	157	1131
762	43	134
1398	161	1245
651	40	114
503	144	1562
414	56	268
1131	42	784
1503	48	1057
389	42	953
1058	10	318
273	5	1503
185	144	118
1408	65	535
682	40	1503
1158	2	581
669	26	572
1503	10	1185
311	61	22
1503	60	409
569	44	459
196	0	1025
1309	157	1554
1503	92	1381
444	93	1188
134	43	454
1395	46	1396
837	43	82
282	43	1054
785	0	1503
1145	42	716
1131	157	719
1131	160	613
1345	140	783
1503	91	1173
1165	157	937
1246	0	1444
268	56	114
628	92	40
699	122	900
1378	42	1225
299	0	287
1503	157	748
380	93	990
267	3	1432
1500	42	1271
810	10	282
82	7	1093
183	43	956
496	55	1503
1572	42	1505
1239	46	685
1209	83	682
1501	83	224
1204	157	547
681	159	444
1445	43	1016
552	27	80
667	0	1503
366	36	1445
1034	42	546
1525	92	314
1503	3	1025
942	36	211
118	80	813
1	48	1308
1210	0	1243
552	48	76
189	46	1501
1503	144	1165
1503	36	532
1501	0	211
876	10	1145
1254	42	613
679	40	583
1439	54	508
1054	48	1180
294	42	1503
667	42	309
1069	43	224
1503	79	1245
314	43	1092
1503	10	1462
1163	43	134
1219	46	1131
1500	93	127
53	55	327
1398	0	549
1054	3	114
15	2	670
1015	84	1503
1158	83	1549
1245	43	900
1556	144	1131
899	83	672
1435	98	1245
1432	43	785
785	93	311
712	144	23
1503	2	1219
1270	47	449
1275	36	748
1158	48	675
927	91	1389
783	46	1503
1006	0	1308
20	40	876
1245	48	900
269	126	1548
502	10	1503
1503	3	546
1163	40	1454
1070	144	1232
358	57	311
389	42	692
613	43	182
1503	43	910
669	3	1173
311	21	1120
1025	0	546
389	43	1247
1445	43	500
310	91	1490
440	139	681
1397	46	189
679	61	1210
719	80	177
1246	117	1245
1219	42	182
1503	46	1089
543	160	1275
1117	0	118
669	72	546
987	43	876
1348	66	1158
269	61	1403
331	40	1158
1503	43	293
893	5	1129
1531	122	287
428	144	1439
1502	93	546
1165	42	866
704	48	1502
1034	0	303
256	89	1245
1529	40	1092
1396	42	1523
1295	121	1131
899	10	48
1292	0	23
768	43	432
137	42	48
189	40	1501
1131	42	304
1275	48	552
1429	10	2
409	61	1378
859	157	1395
508	26	719
778	36	1295
468	40	1482
1503	144	345
212	10	224
1158	48	1503
681	2	714
967	65	134
508	144	716
1131	92	1315
639	92	1087
1338	43	700
1503	0	1047
224	36	777
1503	110	1053
444	46	465
671	40	1398
398	63	295
1047	46	1444
196	42	189
1044	60	1503
1503	46	1463
54	48	322
1034	157	1298
1562	36	1503
552	157	1503
1063	10	107
1503	92	139
1525	91	311
444	36	1158
383	80	429
1503	48	80
876	46	815
1359	3	554
412	24	910
740	43	810
1245	91	669
311	3	261
1270	48	1578
840	72	641
1201	0	432
887	93	1246
1429	48	1503
1217	48	1389
965	80	1213
1531	91	1352
65	23	1187
513	46	1135
1284	42	1034
580	52	1089
462	40	1503
1424	43	876
8	40	269
444	144	1165
1503	47	1502
1406	40	80
48	72	1052
142	3	1200
746	10	1034
1498	46	1308
1245	48	1219
1	45	469
1015	12	508
291	160	229
1460	42	584
1503	46	504
874	0	309
188	144	1165
345	45	224
483	144	1503
1503	0	1131
1035	55	1034
1503	10	1501
1503	93	789
269	107	783
69	40	1158
725	134	907
1503	10	48
546	111	444
1507	4	1440
1006	40	32
1444	148	725
1503	115	268
536	98	1482
1131	13	1503
106	0	1503
732	3	1505
1070	10	1503
1015	0	1171
1333	0	1443
311	3	563
48	42	670
770	48	1034
1570	0	1034
1348	93	1120
1329	43	1158
673	42	674
451	159	1275
1503	93	1445
258	80	314
1503	1	1490
1503	40	168
1501	48	644
1169	10	23
1503	110	311
1503	132	1096
1275	43	94
182	2	338
1503	42	80
444	2	1165
1280	0	1503
1503	43	1275
762	46	891
590	36	420
287	42	1443
669	66	149
591	83	508
1503	110	887
810	4	1047
106	61	409
1531	56	1444
1158	48	1034
1562	15	754
268	157	736
1131	146	1318
1503	3	1158
598	0	1217
451	96	311
705	42	182
1131	42	1503
227	93	1049
1444	36	682
681	42	682
295	10	916
1412	157	670
1501	0	785
309	36	868
1349	27	699
134	144	679
1259	3	1349
106	144	1503
287	163	1092
1443	159	1245
702	0	1096
604	42	1184
644	43	9
816	160	1378
1354	43	1094
885	8	1503
1570	10	748
873	43	810
465	42	1341
674	48	309
134	72	1209
224	43	504
1501	48	1275
549	10	1503
1398	157	671
1444	0	1483
959	93	330
887	43	1525
1503	48	1275
485	157	114
681	42	900
508	54	268
1502	69	1577
1188	43	656
310	42	1503
21	42	762
350	42	264
797	55	913
1165	71	345
1348	98	1503
1505	43	74
21	71	1501
1501	93	681
1482	77	1398
685	145	965
1495	40	1405
1239	48	409
1361	40	1092
1577	14	46
1131	0	106
114	158	1131
784	43	411
1325	42	145
959	36	682
1482	157	1245
895	145	799
268	0	311
1503	80	876
1503	46	837
1378	48	552
546	100	1591
962	144	452
681	42	704
839	92	444
1131	61	1503
310	91	1269
682	42	269
268	117	1503
1359	1	311
704	83	1104
1482	43	681
1399	154	1131
1245	46	536
376	148	1466
1503	3	359
785	71	546
1381	42	1275
669	90	1398
114	43	1131
887	54	114
785	42	182
1147	131	381
1501	46	513
1395	140	834
1503	36	219
1503	2	509
1475	40	673
671	138	679
536	36	513
1503	42	1092
536	54	1436
6	144	449
310	55	451
1267	40	268
268	133	876
262	48	1292
552	26	649
673	65	1209
314	14	965
1536	43	1034
416	42	213
1482	117	1398
1503	48	1127
1209	91	536
537	42	23
37	140	1503
1554	40	681
1047	42	1503
311	93	1298
1434	149	48
314	48	516
673	10	546
706	43	1510
1034	4	1158
1009	2	1092
706	40	1163
1034	4	1158
1271	144	350
1271	40	1163
1166	157	997
481	10	1503
992	10	1275
397	61	1538
552	40	1034
409	3	314
795	157	23
1131	157	1358
224	0	1459
681	93	1096
200	48	613
1045	93	1503
168	0	681
613	43	1503
1417	98	1158
1308	10	1092
714	0	1503
723	141	1384
1009	80	899
1096	0	681
198	61	1197
927	42	1348
1378	122	876
314	0	264
783	93	1034
1135	36	1503
1158	93	268
345	80	1092
1092	55	1444
703	0	826
1482	91	1444
1168	71	673
535	47	546
505	66	48
729	43	1378
910	3	1025
1398	162	1204
719	42	1165
10	42	36
788	43	1503
629	36	32
591	0	783
1457	144	1063
1007	66	1146
748	40	1280
1500	43	1580
902	42	398
635	120	139
862	153	1503
116	93	546
1275	43	1501
716	40	1274
1306	160	627
777	43	32
1359	26	633
1023	42	889
1035	147	1562
469	5	211
1245	140	237
1503	144	345
681	10	469
716	146	1487
1164	48	703
1209	150	842
900	129	1399
1538	10	1544
627	80	30
1425	157	345
1035	42	468
1275	26	48
1482	117	1245
1246	27	785
1192	0	1275
84	0	1171
900	129	360
1007	65	1525
983	46	762
176	36	1378
1378	43	310
1549	43	311
1440	40	1329
1173	43	1503
188	0	1503
1378	3	105
1275	144	1501
1219	159	268
1131	93	1092
1265	48	32
1503	46	1298
401	0	1092
129	42	1146
314	4	546
1431	63	552
268	10	1092
799	42	1503
714	48	1561
1535	43	463
1138	157	1107
910	43	114
508	48	80
13	43	1100
1503	98	876
345	147	1166
1068	48	748
311	56	1245
241	43	136
1549	0	1245
1173	83	1503
1057	47	667
748	42	1017
1538	144	785
274	0	1271
714	10	704
202	48	184
552	43	1034
1440	91	1214
1235	36	797
1503	42	1551
224	10	48
1435	61	895
185	71	1523
1129	93	1503
1173	93	1034
1278	46	106
2	46	618
1361	40	369
1009	20	1163
1445	36	1349
469	43	1396
1393	139	145
681	43	714
672	93	1577
1245	157	806
913	92	424
999	10	1503
1503	48	1034
1223	10	1501
794	157	716
1419	48	546
1156	36	1080
673	46	189
1502	46	669
1270	91	546
574	48	1219
496	48	633
670	0	1019
1196	129	1462
309	48	1129
1503	60	900
1034	10	546
1131	71	155
314	0	1503
477	144	1480
465	38	1563
1271	0	876
1378	49	218
116	40	409
554	66	1482
345	46	1053
508	26	536
1131	10	573
1121	72	118
556	48	910
1419	43	1503
1351	92	1528
331	157	1034
1584	83	1378
1490	40	504
224	43	598
1034	0	552
1223	15	1503
1034	100	785
389	91	335
1129	150	345
1034	19	546
1503	69	1158
273	7	1503
927	0	681
529	40	546
704	43	1503
1524	40	1217
295	48	1503
681	66	1096
90	36	910
149	54	354
1482	157	679
82	0	389
508	72	1101
1381	93	23
810	46	1541
1015	91	1503
1482	28	469
1443	54	1482
1503	60	1158
1440	46	1525
300	45	310
1503	3	285
1002	10	1158
1	92	1501
268	47	1503
1096	100	706
546	43	738
1158	122	311
669	42	1412
1503	46	1511
1503	144	15
1048	133	1502
224	40	1131
106	55	345
1503	157	1551
1517	26	546
1432	48	552
309	0	641
1097	43	269
409	0	601
376	91	601
554	83	96
1054	91	633
1503	48	40
591	40	1001
1158	1	1298
899	140	240
1355	91	1354
468	83	1245
1296	42	1120
720	83	1092
1131	144	887
269	140	310
1169	48	1503
224	48	639
496	77	947
681	36	965
1444	0	1092
628	0	1131
1017	122	491
1503	91	311
785	2	1120
20	48	1444
468	46	669
736	42	1547
1440	55	1245
627	157	318
853	36	1163
1415	60	900
508	36	828
251	79	1505
48	159	189
199	100	71
983	10	1536
224	46	694
1505	144	750
15	42	1063
1131	4	524
311	36	268
523	52	381
1238	10	1132
35	157	21
273	0	588
1341	137	685
546	48	844
189	100	1207
118	140	63
1501	42	508
1185	106	1275
368	42	1245
734	43	1004
1503	130	1255
1270	157	881
1298	2	1158
118	93	1503
801	149	1119
504	46	669
1163	42	1092
1545	144	1503
82	128	1480
625	83	1534
269	144	1518
814	34	552
1503	3	310
813	48	706
1223	3	1151
11	43	1503
1296	93	1544
669	46	988
1410	4	264
9	10	295
1065	10	793
1298	0	1034
529	161	681
1219	0	1275
1245	54	699
829	48	1034
250	46	15
1503	83	409
39	36	1158
546	55	900
1201	144	264
965	42	1501
834	80	1422
1083	40	1396
536	43	626
1503	157	118
1398	40	1245
1131	0	331
1501	123	211
81	43	122
1130	41	1341
1551	2	1220
415	10	518
834	130	225
196	40	1051
310	55	1386
268	0	669
546	80	770
1096	40	196
513	2	669
1163	40	21
749	48	1501
1084	48	1378
1503	40	887
670	92	1444
224	54	879
189	7	358
941	42	1531
1503	42	202
1528	42	224
856	55	268
546	62	282
225	147	574
1275	26	1131
1275	43	1503
1503	10	1245
627	160	1158
783	157	1072
1131	157	219
1378	61	309
546	92	1535
35	43	669
482	42	1398
314	61	546
54	0	900
1446	43	513
546	55	1168
1150	0	685
1503	40	1296
699	40	641
785	40	657
1047	43	268
1549	147	719
1046	10	330
1275	48	1503
762	40	137
211	33	309
1501	36	513
1503	160	1135
1503	91	1296
189	0	842
1073	93	314
1482	136	876
335	72	1245
15	0	1503
1368	23	311
883	55	685
381	122	1549
383	160	388
732	92	1158
965	10	546
23	43	48
927	40	876
290	66	740
1301	10	103
314	0	704
211	42	876
927	40	671
524	5	438
1562	35	213
1254	144	114
886	54	1505
1503	2	581
641	43	1347
965	83	1034
1466	91	1381
329	54	114
1389	10	1503
1132	0	1019
552	2	1035
1158	80	651
1188	10	876
337	144	1201
23	40	1436
114	63	1168
810	110	469
810	36	448
733	0	965
179	48	1378
681	3	34
11	43	1503
1503	55	268
1096	80	965
552	40	616
460	43	1381
508	26	1245
1551	10	1462
1436	61	788
1010	0	580
1503	80	288
1503	0	719
1245	42	651
1501	46	1162
211	71	746
1219	157	573
508	6	211
420	72	1165
1240	40	1503
1034	93	725
642	43	641
1382	32	1381
628	30	120
1503	48	685
1444	48	635
158	40	536
1034	36	581
224	46	541
1505	43	639
115	100	700
543	42	1503
537	2	1158
513	36	910
1348	46	1503
1020	43	114
400	71	1092
76	144	1034
739	48	311
263	10	771
952	36	788
1444	157	35
613	10	1501
268	40	269
1275	122	1063
1503	60	650
1359	161	749
1399	157	1398
348	10	48
1505	60	1503
48	157	118
1549	43	1271
729	10	309
311	27	1183
681	157	583
