10	65	3033
3407	84	1566
261	44	518
3279	49	940
2836	41	301
1112	105	1098
1588	110	1121
3279	40	3296
3165	135	1177
1576	5	458
1547	118	2346
2277	110	1915
1089	41	405
721	110	2947
2326	110	3053
701	110	2631
3407	95	19
1022	150	1279
2033	110	769
1969	41	2679
2463	110	1564
301	62	116
249	106	2723
2679	96	520
2126	41	1485
70	105	3212
769	110	2947
458	41	1704
2058	34	932
1510	110	1170
2076	152	655
1137	108	569
3260	105	3153
1875	105	1249
520	62	3283
1748	41	1463
526	152	2807
2246	0	577
93	105	3267
2066	49	569
1755	110	596
1678	105	1580
1629	110	2343
458	133	812
698	29	1734
3279	95	2333
590	106	2957
1906	68	1541
2708	70	2674
1728	84	402
1683	41	860
3118	5	520
3122	110	2448
755	5	595
191	155	39
408	29	3009
3378	82	2862
121	105	1487
924	108	3279
2272	110	1125
2150	155	2947
1423	107	532
2666	52	1760
1193	110	2698
3199	44	2373
3250	79	1554
2983	41	2856
1593	110	261
3250	43	198
1865	5	3301
0	84	520
409	41	2109
1305	49	487
2912	71	860
761	95	3302
1455	110	990
2495	143	1564
2679	29	520
480	155	238
2228	150	2133
2385	41	2843
3378	82	524
161	95	1576
2330	41	1099
580	152	639
860	77	3327
2925	5	595
2679	150	520
260	95	860
2679	141	3362
749	152	3091
2807	62	2224
2798	62	3283
2465	118	458
170	155	605
300	41	2404
897	110	1147
2058	106	1170
2277	41	2830
424	29	2164
3124	41	2234
597	118	85
555	136	1564
2495	105	3275
2150	152	2947
1892	41	2842
2056	44	1872
2343	84	458
2679	106	520
1654	110	203
2679	22	1170
2591	14	130
2862	44	1302
3035	16	2596
1100	110	3302
487	37	3283
2965	110	301
1329	109	1170
2946	105	1881
2448	106	550
340	143	840
3267	84	2947
1487	95	3061
2383	77	512
2263	110	695
821	44	1487
520	109	2385
2679	29	447
2336	105	3279
1470	108	267
1220	138	819
409	110	860
3092	95	2909
2679	102	520
1942	84	3279
409	44	3279
2465	95	2238
1361	118	1640
2947	68	2896
1978	110	2465
860	41	920
301	110	3263
1054	41	2465
1068	5	1888
1170	84	763
1487	95	3275
2441	84	860
4	41	58
520	62	3283
924	105	458
2652	110	236
1747	144	540
1436	105	1557
2221	150	2553
409	118	984
701	106	2385
3276	84	3033
1943	105	340
2679	151	2797
2278	41	2120
670	96	301
2113	144	3275
2377	16	520
790	110	2151
1667	95	3194
2909	84	503
1580	118	3279
493	62	3283
1564	67	630
1379	105	1102
479	130	260
458	95	1099
1639	29	868
458	44	1487
1822	106	1472
1258	95	1588
39	110	173
2155	150	473
1102	95	3061
81	106	499
334	143	627
1304	105	2630
1170	106	994
1732	110	689
2166	150	512
2682	29	509
3042	110	2548
3250	150	3153
2820	5	2470
1577	110	1151
2851	44	2385
173	33	2155
3017	110	3292
3260	44	1217
3368	77	1731
1645	106	1061
550	106	2353
3275	118	3279
2608	29	559
1382	41	3197
2167	155	2137
2536	106	590
1170	110	1866
1099	105	2439
2187	150	198
388	41	1245
1121	29	580
670	44	301
2679	110	1487
3279	95	1920
3058	41	2457
860	110	3275
2689	29	2087
670	106	520
2929	41	1357
2453	41	3327
530	49	2832
2012	110	754
1000	62	3283
984	41	3161
520	109	1487
3250	150	2248
3033	84	3045
1846	105	1508
1342	41	2785
520	138	2679
1906	118	228
549	62	773
2336	105	3275
860	82	2947
711	102	2654
2564	41	701
296	135	3199
763	29	520
301	106	142
355	110	160
3061	82	531
2781	106	520
1487	110	3234
479	152	260
1111	106	2020
2134	155	2220
2679	5	520
2883	118	17
1142	110	851
1717	41	391
2680	29	521
411	84	3279
2092	44	1456
1487	73	3037
3260	41	3033
3263	82	648
1438	95	3378
3093	84	1683
2904	65	2339
3089	68	668
1170	144	2679
1300	108	2406
458	95	2460
1961	41	1868
909	71	3390
3243	110	944
1173	44	1555
3392	106	2460
962	32	520
1882	106	903
1329	110	1497
1300	110	1802
1222	44	1551
3243	105	3150
900	5	520
520	77	2058
3224	71	2385
860	52	300
2354	106	585
3132	150	3130
2976	150	2975
1067	41	984
636	152	2448
2840	110	3210
2444	106	592
722	0	559
81	105	978
2953	44	3153
405	77	2387
3102	110	3153
1995	41	787
2854	41	701
984	41	458
1644	82	810
91	118	2849
567	84	2947
2447	41	2448
524	5	1173
3135	41	2041
520	62	3283
2400	41	3061
33	41	3148
2230	155	3267
2679	150	3118
2897	110	3036
3279	110	3186
3275	95	3199
3042	41	2125
2343	106	2465
1563	150	554
3363	152	3130
3089	39	1006
1835	118	2945
654	16	1154
192	152	520
2091	38	1099
2461	84	2574
1551	68	2947
1487	29	734
1058	92	1628
24	62	3283
1487	29	520
75	147	3385
1206	73	3350
3250	29	585
1633	41	1714
3343	71	2507
3072	110	2679
2362	106	524
3016	118	2929
2679	150	670
2189	150	3154
1580	71	2465
2201	44	2058
2212	118	293
1110	105	409
1548	110	831
1196	5	1350
1738	106	1150
296	95	984
593	149	2777
907	29	2134
391	34	520
2353	128	2951
2955	110	54
2158	102	2656
1218	143	984
2041	5	1866
2617	44	2385
2448	118	205
409	109	2974
2709	110	1405
2766	44	595
3015	5	2628
1027	110	3275
1909	106	520
2405	84	2465
2385	110	301
2679	29	447
1279	106	1545
2568	109	2326
1165	118	1551
3386	150	75
481	147	1561
2639	118	406
355	49	1170
1777	5	559
2825	125	1551
1118	110	1129
3279	118	3166
3276	16	1503
1866	109	1170
2319	110	2679
1551	41	3250
1576	41	3302
3394	110	1177
2353	84	1099
2638	118	983
3279	98	364
2059	110	1557
2655	110	2453
491	84	653
2495	95	924
458	95	261
1551	71	3250
1356	5	3296
2126	49	1551
1034	41	860
2169	43	293
309	41	12
458	118	3020
69	44	301
2651	41	1459
2679	117	520
3275	82	1551
2190	155	3267
2987	153	2732
2660	110	816
2528	106	2546
3049	44	2353
1107	110	2672
2645	110	3161
3093	95	1344
984	16	2947
3118	144	892
2769	41	2672
1437	95	3099
1168	5	354
2035	49	595
924	105	1121
1054	110	1154
260	95	136
3327	105	1034
1110	105	409
3289	41	1704
2453	110	2895
1184	118	1859
1755	110	1259
2311	110	3302
121	41	2874
1868	118	1146
2534	69	3250
3279	5	1551
24	62	3283
2484	105	812
563	5	3327
173	33	473
3279	43	3250
466	110	710
723	141	3113
3093	29	2099
1551	84	3250
3224	95	1051
1740	84	676
2052	110	2871
860	110	1265
1276	110	817
2711	106	562
3250	110	2189
2063	110	2645
925	106	595
2333	84	2108
520	139	1487
447	44	2679
1683	105	2465
2058	133	2917
2036	51	290
794	110	62
2842	110	1487
1421	110	3052
3279	106	458
2947	43	293
1814	110	1716
458	82	3279
886	110	1200
3296	20	627
1987	110	201
328	110	1110
2833	41	3035
3264	41	2951
3207	110	3095
1569	118	1085
981	71	3275
3327	105	2947
862	47	984
860	65	924
1486	118	550
2716	29	527
2931	41	261
1193	150	2860
3104	110	3064
241	152	509
981	105	2947
2831	84	1487
734	62	3283
2947	82	1793
1209	110	872
1360	105	3250
3266	84	1667
1102	74	3275
1358	41	984
2947	29	2013
3051	82	939
987	110	293
3275	147	2947
2828	71	1192
860	26	2467
1551	95	2912
301	133	1280
2622	37	3283
758	68	2342
31	41	1912
1872	105	334
2058	133	834
2973	84	2081
3093	95	458
590	62	860
1013	102	563
3276	24	273
984	68	2464
3343	105	1580
301	48	2679
88	105	758
860	118	3327
3279	106	2947
3	71	3276
1768	106	702
1815	110	1258
1397	143	1387
1067	110	1562
3327	110	3153
254	110	1170
1991	110	2756
3343	110	161
1541	143	3069
3342	41	809
1487	5	208
1519	41	1270
1999	110	743
2167	150	631
1487	19	520
333	44	520
1565	64	555
217	44	802
3047	118	3089
2465	95	2126
1009	143	1279
1329	105	2548
3237	110	1392
983	84	3074
1199	71	800
1054	110	458
824	71	2954
984	106	2444
16	44	1213
1299	110	2157
301	41	121
1580	118	3192
3276	82	1846
821	110	1170
2953	105	2352
1113	41	2953
125	110	753
2125	112	2489
2058	98	701
1487	29	2969
1102	95	1692
2679	29	278
2353	110	323
338	150	2372
1311	106	3116
2343	105	1506
3267	95	3058
1733	125	2947
1908	103	1894
2343	77	1683
3276	106	627
686	118	2427
2278	110	3279
2358	110	1199
2974	95	2419
2109	68	3279
850	110	2707
1130	105	296
425	110	2021
458	34	2074
2947	44	1258
3192	95	1115
35	105	332
1788	110	3275
497	44	1156
1983	110	2217
2110	133	29
1139	105	1219
3310	5	2081
2277	14	0
2182	150	2947
2081	106	1497
301	106	2679
712	66	383
2081	62	3283
3279	98	1551
907	29	505
1487	29	2081
1890	118	2163
2722	150	369
2495	105	3275
1576	41	1050
1631	95	2967
2803	119	2226
2212	110	2151
2280	41	2116
119	72	550
1593	110	1102
3146	110	1487
458	41	3346
64	49	550
3327	41	3260
583	109	3192
2461	84	1487
1127	106	572
2041	41	656
860	105	41
1997	110	1903
3404	68	140
3275	118	2423
2343	110	2465
3279	63	3250
3276	127	295
1172	68	1541
2703	122	450
3217	110	3275
2300	110	1206
1683	82	2343
3289	41	2947
2951	44	2713
3089	133	3279
627	68	984
2929	110	2645
837	110	3267
860	41	137
2657	138	948
1767	84	520
860	44	532
2189	110	3250
1690	41	1494
3275	95	328
1199	120	1005
3273	118	3279
2832	68	1179
3228	41	1224
1080	106	1542
3378	71	3054
3275	40	984
2465	94	3093
1147	106	1803
2377	118	157
122	24	1357
924	84	138
1329	16	932
3250	110	641
2730	29	2379
3373	121	1793
860	44	117
1669	133	1148
2679	110	670
2703	41	2762
845	13	784
2465	84	2343
640	116	39
3152	95	2377
520	5	2021
1528	0	3122
2333	44	3279
1102	106	860
2929	110	1193
1881	143	1258
2507	99	2572
3166	106	591
1888	44	3279
3200	152	520
1529	152	3085
1118	32	2947
2947	29	3362
2862	65	3199
726	155	350
1662	41	3151
1424	110	2181
3276	118	2694
1102	118	2931
1564	95	3305
1904	110	2385
2399	110	2947
2465	68	2349
2580	44	256
601	41	1645
1487	29	3357
2212	80	2101
810	132	2057
761	110	3279
2328	152	520
1688	105	1487
2797	62	3283
1564	144	2947
2679	155	734
3276	118	279
3279	95	1661
662	143	800
3279	130	3093
1283	150	520
2835	110	1170
1924	110	1195
2927	41	984
2992	84	1306
1564	155	2556
2058	133	520
2041	41	3135
2478	106	2063
3035	84	1861
860	110	1683
2417	118	2187
505	62	3283
2259	110	1147
1919	44	2617
2912	41	1085
3279	150	1563
1329	110	2574
2679	29	3357
2533	29	584
458	77	2645
3062	118	1892
1562	41	3396
1381	98	2947
391	110	1170
97	110	2004
109	5	339
1013	41	90
685	88	585
2638	71	1105
1487	84	2385
395	71	2206
177	155	509
1975	65	2002
804	130	573
221	110	2687
520	152	283
1288	41	2041
1990	110	2385
44	106	550
1554	95	1487
668	83	2667
1844	143	2382
3152	95	3374
2385	105	1506
3276	105	3279
977	82	981
1848	105	1506
2801	119	2174
3069	68	458
2041	110	2385
796	118	3279
1170	138	520
179	0	1548
1382	94	3275
458	42	767
1099	105	41
2108	84	3250
1981	110	1564
548	106	1194
1295	41	2878
2125	41	2343
1369	84	2929
2506	106	491
1748	5	875
2913	41	1793
1331	110	1551
836	41	322
1426	110	2186
2634	110	260
478	62	3283
1170	133	520
1502	5	2707
863	110	409
1707	82	1662
2975	154	565
94	110	1085
1793	82	2947
1866	118	670
591	84	777
3378	41	1311
2041	41	2254
2228	102	941
473	152	39
479	32	348
2794	115	3283
300	133	2651
2501	78	981
2507	143	1060
573	41	1369
2414	150	2448
129	44	2947
534	152	2690
821	102	1487
1436	68	458
2974	29	565
52	41	1126
3327	110	2297
3011	49	648
2748	106	501
2947	71	3093
2465	49	3279
821	110	1170
1293	118	1631
1576	118	3302
560	106	984
2126	84	3069
200	152	3386
3093	84	2465
91	41	3327
520	117	3200
957	68	355
2755	82	458
198	59	2187
2965	110	2385
1842	82	3093
2126	84	1487
1904	106	1506
1563	150	2947
2931	95	1106
3344	71	3177
2043	17	1557
260	95	1873
2463	120	1170
2277	110	2617
391	71	1000
2852	110	668
1755	109	2071
2679	101	1487
2538	106	592
1311	95	3378
479	11	2540
267	41	3163
2639	41	3343
3153	5	1551
1085	105	2338
924	110	99
339	106	550
3279	106	1683
3026	150	2169
1833	15	3269
480	44	2111
1933	110	1212
591	106	830
1487	84	138
1614	143	1487
2284	5	1745
2336	84	3279
1102	73	1560
2615	41	431
2600	73	524
2679	44	2058
3217	110	1837
972	44	984
1064	144	11
28	32	583
2058	138	2781
3320	44	1487
2836	44	2041
1551	29	591
1823	118	682
1417	143	345
3323	105	3279
907	68	458
1382	65	3327
3343	143	1060
1099	110	3327
3250	110	3279
1573	105	2067
1912	44	301
2947	118	3093
3033	41	2947
3035	77	2745
1722	106	584
2169	155	1564
587	155	2730
1861	41	977
2720	29	3028
2548	41	3293
3199	110	776
131	106	282
2343	77	1683
2328	152	932
2615	41	3378
523	62	1172
701	133	520
1548	118	2502
1680	105	458
537	62	3283
355	110	1487
1892	44	520
3119	84	3161
2301	84	3163
1439	110	1121
2674	150	1067
758	95	88
3369	110	2269
1847	44	3275
2692	102	539
1329	126	932
2167	29	3062
130	84	570
3250	150	3153
307	5	1906
3192	29	583
502	44	2252
2636	110	3378
101	110	1551
2979	41	393
1858	71	2937
3383	110	3279
959	143	1626
3042	41	1646
2018	110	911
1683	110	1197
859	110	1213
2912	41	2855
2722	29	751
37	110	2569
3279	77	3093
837	110	2947
2807	62	3283
2656	5	441
2030	76	301
983	41	675
3097	29	509
3216	130	1906
2548	41	3289
2679	29	63
769	84	130
2262	108	350
520	44	208
1218	5	2947
2947	68	1551
2679	96	24
3250	116	1554
1253	5	1486
290	110	280
1189	95	2862
2221	29	1012
670	41	2030
528	60	2191
28	48	1213
3000	110	2881
79	110	3279
3048	84	3378
2515	84	2679
1782	110	1573
2385	144	301
689	29	498
3089	121	3192
1410	110	120
1626	143	2906
355	5	520
881	84	2765
3279	130	2947
296	95	131
3250	110	2629
2786	110	3302
3261	34	453
2831	44	301
902	110	2289
734	152	520
528	14	3061
3266	110	1667
242	155	520
904	41	2784
2947	105	2465
590	109	3275
92	84	984
950	77	1670
749	117	572
3279	49	99
1990	110	2167
3032	105	3095
3228	84	161
1353	146	2556
2679	5	520
1487	106	520
2604	110	96
1085	5	2994
1121	143	3097
520	44	670
860	95	1906
1487	84	301
1487	110	425
860	16	2947
1112	110	3275
3216	44	1906
1551	44	1102
1786	29	2189
204	41	2201
597	110	1151
1564	77	169
2947	43	458
3327	41	2862
1551	66	523
2221	151	2797
3279	41	1325
1507	110	260
242	152	520
860	41	2988
1776	7	87
1215	47	3153
1445	120	1487
391	44	301
409	128	1085
114	5	1626
1925	41	2872
1055	84	500
520	117	24
980	121	1881
267	143	1118
2353	41	339
69	118	2574
2340	49	2873
1888	110	3276
622	112	155
2535	73	2129
2947	150	3275
520	91	2515
1163	84	1811
2433	105	3061
2277	110	2515
1083	110	1219
1897	62	2343
301	110	1487
670	29	1585
3379	110	1154
2187	154	3187
409	84	2630
559	74	225
40	71	1192
1146	61	161
734	144	2961
17	71	975
2679	155	520
334	82	2496
2315	110	2191
572	44	749
1764	5	732
2679	110	892
1564	67	3153
1448	110	353
143	36	3283
2656	5	3223
3279	41	3034
210	5	68
3165	61	1580
1985	84	334
2877	44	564
2187	150	2151
2192	122	593
462	118	1683
2270	143	2336
2173	150	3153
3161	120	297
3267	41	984
2108	110	2189
88	110	3260
458	49	2465
1081	110	2645
1556	41	1819
1902	105	334
490	5	3023
209	110	1170
337	110	1102
2126	5	458
1382	110	2465
520	63	1969
2282	110	1177
2924	102	2947
989	150	633
3250	29	2876
3298	16	83
3179	5	2462
520	108	2058
1901	105	1551
1612	105	1564
3344	84	2835
3208	41	2438
1551	95	2912
3151	143	3279
3276	110	1113
2707	150	2645
2965	105	301
2947	50	3267
2590	41	1360
3172	105	1438
1596	106	3275
3362	155	97
984	44	269
791	41	2336
1390	84	2515
2912	84	1293
2857	106	520
2114	106	499
1683	112	3061
2256	5	39
4	41	2336
2947	118	1143
3036	84	2566
1740	41	3234
458	82	2947
1999	110	2703
1547	71	1146
2323	118	1604
3279	68	2645
1733	130	531
3097	41	1701
860	72	3302
3250	41	3327
3279	148	1220
2351	105	1506
2532	110	1484
208	5	1170
340	82	984
1251	5	1177
2635	106	307
934	37	1400
431	120	490
861	105	1487
17	105	2630
860	44	458
69	110	2385
2277	106	520
2150	152	3267
2189	150	638
302	110	1170
2617	62	3283
457	29	496
2707	150	559
1727	110	3093
1897	65	3393
1794	41	860
2673	29	2410
1121	41	1580
3166	110	2947
670	110	3118
521	38	2680
1857	110	2289
2079	11	3279
1824	105	340
1990	41	1969
1017	44	1577
765	108	3089
2512	73	2867
276	41	2327
2528	29	563
984	144	199
2132	152	473
3102	41	1229
452	152	2708
2707	29	2094
513	84	2885
2126	105	2343
322	65	98
3408	95	925
2679	138	1740
3033	71	1094
2420	110	2626
665	109	2862
458	118	1906
670	150	301
3275	95	1269
1064	110	353
1704	95	2862
3256	84	1733
2679	110	2058
1662	65	2473
3267	118	295
300	143	1957
2058	138	520
2343	71	1683
2679	114	1487
1329	130	301
2546	29	2095
563	72	2947
3386	118	2249
3061	110	1580
532	152	1411
1904	110	2334
838	118	2652
3279	5	1551
3263	82	670
231	105	2548
419	110	2748
67	105	2167
3275	68	2513
1990	5	301
1293	110	1551
301	106	932
910	84	3066
1004	110	1196
1235	144	2465
3279	77	3093
2507	41	3341
2113	84	776
1714	16	618
924	70	1325
2353	109	223
2749	5	198
3206	41	3031
977	68	3151
171	150	2239
3166	150	767
3129	110	1487
1524	133	45
510	62	1813
1329	106	1170
710	84	257
2947	84	3089
670	106	391
984	82	267
763	106	520
562	62	3283
884	118	3275
1487	95	1074
491	44	1759
1580	41	3279
670	48	913
1871	41	471
3224	118	2423
2288	84	2889
1825	118	1186
1153	61	409
2437	105	2908
39	150	2152
1933	110	3272
2621	62	2548
3034	110	3279
1782	110	1573
3166	150	2217
2678	39	1438
1740	5	520
773	108	315
2385	77	3357
1242	41	3071
1118	10	2947
3250	84	2947
2732	150	3275
91	41	3344
273	5	2824
1882	106	1203
3166	38	39
1821	41	3061
116	110	1000
325	102	1969
1261	110	2991
3327	84	924
41	68	3279
1487	95	1105
611	106	5
1487	29	442
458	121	3296
447	152	2201
2644	77	559
2699	110	741
1407	110	1103
933	48	18
126	133	860
1219	94	334
1690	41	329
1580	105	2947
853	110	3250
860	110	1643
2485	44	3360
1849	106	1147
2548	41	39
2703	29	3360
2886	110	430
2679	29	1675
520	62	355
3279	68	99
3260	109	594
1556	37	2469
300	110	1565
2376	41	1731
2438	118	667
860	44	1643
734	117	520
1070	105	458
3276	105	2447
2328	152	520
1485	41	2548
2704	110	3279
1002	42	356
458	71	860
907	73	505
3033	71	1100
3224	105	1580
2493	110	2578
978	95	3033
1888	110	1600
1487	41	2947
947	143	1509
484	133	986
479	32	2428
1740	110	301
1487	68	3020
1939	110	658
2824	84	666
1551	84	2947
2912	84	3254
352	68	1102
1212	108	1551
2194	41	129
3146	72	3061
3327	96	563
3075	105	3030
3279	95	2473
3400	110	1531
1794	118	1683
3297	110	3011
3095	143	260
3222	105	2465
2801	62	3283
1968	41	82
2679	110	734
1770	138	526
208	110	1892
1085	110	984
458	110	1101
491	11	409
1309	143	2263
1937	105	1102
924	105	3097
2947	42	2465
3291	84	3093
635	152	3153
2807	119	1565
3010	41	1496
3343	71	311
3166	112	2878
355	41	391
485	106	1150
98	84	2273
2674	29	511
2054	110	857
962	77	2797
2807	62	3283
590	44	2987
3343	110	260
1717	138	734
3172	105	1613
1120	105	334
2679	117	447
3409	118	340
520	0	2679
2668	29	3153
575	152	2720
1131	41	2560
2674	138	1327
2974	71	907
41	5	458
2947	131	97
2792	62	2674
2679	114	1487
3152	121	407
900	110	892
2947	68	2548
1102	143	1121
1740	5	2026
986	105	761
2153	152	3250
2082	147	2680
1580	77	458
1102	68	99
1034	82	1121
1099	105	161
2277	5	670
3153	67	555
313	141	2874
2187	110	1989
1254	41	2707
3269	105	3264
1487	68	3089
3161	143	2651
279	95	3260
3279	110	2189
1096	108	2947
3378	65	138
2644	110	2527
3273	41	3254
3327	112	860
1345	110	2289
2929	105	458
116	16	2835
3279	139	721
1558	38	559
599	110	458
629	152	2178
1701	73	2940
391	110	670
331	95	458
2947	48	3260
447	106	2058
1487	106	3276
1551	82	1487
3250	68	203
1580	105	3030
769	40	1102
427	110	1161
2842	118	1740
3093	68	2465
294	110	3250
3093	95	1576
2724	110	3192
2628	5	743
2633	105	3302
1893	44	2282
546	133	1348
344	143	3373
774	105	1564
1393	77	564
2053	150	590
3216	5	2988
2508	64	891
1248	110	1166
860	144	2947
1755	110	2375
2081	5	2679
39	110	640
1902	105	3275
1487	95	1332
1436	105	1557
1563	144	3095
634	118	1551
3327	41	2453
860	144	984
2353	94	2951
2894	41	1301
1551	68	1554
1911	122	1482
2831	7	2385
458	135	3279
387	44	2158
2679	114	1487
2217	150	3166
3327	41	836
1700	137	1554
1875	41	670
2119	95	405
1487	92	544
1053	110	457
724	117	3043
3319	118	2458
3348	16	3272
458	44	1375
3276	105	2927
2721	70	1785
2382	95	925
3097	110	400
1382	41	2336
2189	150	2187
3308	105	1121
2595	49	3072
2433	71	795
2377	106	3180
1382	84	2465
1458	24	1154
1859	84	1498
1917	5	1170
2655	151	2453
2548	110	2553
3069	82	3093
2842	72	892
3378	71	1274
511	152	2223
2870	95	1358
3411	105	458
837	110	2947
2462	118	1706
208	110	2836
2929	144	559
3279	130	506
1331	84	1487
1990	110	892
209	106	913
1220	5	2122
860	110	328
2929	105	1438
2796	119	2678
1564	49	229
2041	110	3297
3199	110	2987
1346	110	1907
1016	112	2333
2916	24	2947
2679	29	932
2679	29	1497
194	152	2171
458	143	3279
2845	106	3157
2974	77	2497
1991	110	2680
638	154	2947
2454	71	2458
2947	110	860
960	41	376
1191	69	2696
821	95	300
2831	110	2385
2824	68	1551
1892	72	520
1212	29	623
2814	119	2738
3273	128	2824
1791	110	3340
1209	153	3028
1084	95	1066
1557	95	1550
1487	41	2549
978	88	817
520	84	325
860	71	3327
3267	68	3279
2679	150	701
520	152	2385
436	49	520
1091	41	1067
1015	29	487
1024	67	3153
2931	95	1098
1212	34	2811
907	34	505
2993	41	413
3276	118	1370
3172	110	1580
1906	95	924
2704	102	554
670	110	2385
3267	84	1121
1130	84	2651
3327	84	2465
835	106	149
1682	71	1382
1841	89	377
2988	41	1420
2353	77	420
814	110	2947
3386	5	594
138	71	2614
2707	150	3188
2224	41	2807
1219	40	1102
458	41	2
2168	150	524
2862	110	3153
2465	71	860
288	74	2947
1861	105	3279
555	155	2180
2947	118	3166
2827	84	3097
3279	150	293
1856	110	300
2679	141	447
734	152	520
1826	106	2060
391	110	1170
458	41	2947
2657	29	482
860	44	2465
2736	138	2666
1274	110	848
3250	95	1113
2679	155	520
2623	37	3283
264	143	2909
2875	110	1196
411	68	458
2465	56	3279
3374	110	1213
2679	141	447
2491	144	1300
2473	95	3327
2353	41	316
2385	71	1646
3380	110	62
2155	150	3166
1855	150	991
1522	110	2953
1731	112	3192
1170	102	1487
3279	144	1212
2524	5	181
3085	34	2097
2508	29	2906
1849	44	479
2953	72	1654
2297	122	2947
3327	41	2929
296	41	1874
1262	107	2036
726	152	2218
212	110	3295
1158	110	810
1687	41	3093
3250	29	1602
2343	106	458
210	85	1487
1800	85	3161
1170	108	447
3327	143	2638
572	84	3089
391	110	2167
2217	150	640
2032	110	77
2679	150	520
3327	112	2862
2543	29	526
1640	71	2498
1850	118	1906
2389	32	617
585	106	1551
3279	61	3093
2377	44	301
1475	82	978
260	138	479
1946	110	758
280	153	479
907	44	1564
984	44	629
2847	110	2650
1605	118	1883
23	62	2667
2353	41	1075
3376	110	984
606	139	2185
3069	71	2107
736	152	2685
3152	95	860
520	84	1487
3282	44	1551
3289	41	3250
1778	68	2064
1036	102	447
3279	121	3074
1329	110	1487
701	49	913
2438	108	1544
3275	150	3279
2277	62	3283
862	41	1846
2027	128	3152
3276	106	1566
924	110	1102
1170	29	520
267	82	1733
3201	141	449
3261	68	2308
2167	155	520
2947	106	3279
1565	155	451
2465	95	2126
489	37	3283
1605	112	1016
2674	102	1121
2444	5	591
260	110	2259
860	143	3093
3033	105	41
3279	44	3276
1272	84	3250
127	105	301
701	29	520
1412	150	1399
3302	143	2341
459	41	3383
2831	41	2595
131	110	340
1252	118	1187
2679	29	3357
2081	115	1487
1596	133	590
1689	118	3319
2794	119	2676
2509	5	1590
590	144	923
2011	110	3250
900	110	1170
2977	95	1323
301	82	3392
924	110	1102
1291	41	870
301	62	3283
1185	143	42
1551	41	2947
1888	41	2385
24	62	3283
2743	133	520
3279	95	3061
300	41	112
1765	29	113
502	62	3283
2603	106	1906
1553	130	1955
228	105	1906
1961	112	1110
3385	39	1444
528	62	3283
458	143	3279
1580	82	3302
301	5	391
2274	105	1011
2679	106	1170
1722	106	1214
1242	105	3069
2809	62	2712
555	62	3283
2842	41	701
2465	110	2530
1982	41	1951
3048	84	987
2204	150	533
3032	41	1567
2840	84	1487
1293	110	2862
2197	16	505
2298	102	569
2465	41	3093
487	62	3283
2377	71	2840
1886	41	2312
1481	41	924
231	84	1487
2680	29	521
2975	150	2974
336	106	592
2056	44	487
1102	95	2442
1121	41	3275
2656	39	2071
1034	143	3279
615	84	2465
3077	110	3078
1626	108	496
273	44	3085
1447	110	458
1085	106	1218
3385	29	200
1089	105	1506
2656	155	2071
2664	72	1492
2430	44	1177
520	106	2679
1000	62	2679
98	143	1134
1487	95	3064
1922	41	2310
1102	41	1121
3302	82	767
895	110	246
2831	84	1487
1135	110	1147
2468	41	3005
2512	29	412
2679	39	1487
767	41	1662
1709	5	1711
3275	106	776
2947	95	2850
2947	138	1451
2456	41	1613
550	5	14
1580	143	457
530	152	2687
200	155	2974
121	110	2385
752	110	2724
391	110	1487
2187	150	185
647	110	3004
1099	41	3166
140	84	1362
1487	42	458
30	5	719
3033	65	922
3389	105	1580
3295	110	932
3250	150	2245
2679	29	1675
1316	143	3033
1645	84	1302
2353	84	550
1855	67	166
507	118	984
3213	110	2969
2700	29	519
2465	133	2126
3069	29	2096
511	109	1477
3033	105	295
3250	29	2153
2905	110	1888
1209	110	412
764	77	2947
1542	29	2147
2644	29	3361
3161	85	1277
3253	150	2153
1121	41	458
502	44	767
471	41	3018
2277	128	69
1029	68	370
520	62	3283
3221	105	1487
2473	82	860
1264	109	1118
146	143	2659
391	84	2385
2279	110	2309
140	110	2565
520	106	2058
1567	71	3086
860	41	3061
2376	68	3192
173	152	473
152	128	1265
695	29	491
2465	95	646
520	5	734
549	51	773
3085	95	1292
2465	84	3279
3260	41	88
363	105	2947
301	55	2201
2679	77	520
1487	29	3081
1547	44	1145
768	106	1776
1487	105	1643
3061	77	860
2734	114	3289
2657	29	482
2343	41	1683
3180	133	121
1073	110	3279
1070	84	2508
2947	77	3279
2436	41	976
267	41	203
1345	41	2126
3279	71	2465
1505	110	1755
3199	110	258
2056	110	1872
1098	110	3275
2385	110	301
758	109	981
2947	89	3250
715	110	1209
3279	95	1078
3327	41	1362
484	62	3283
3275	95	3117
1431	41	1294
2385	95	2343
1417	19	3404
3234	110	1487
2333	144	1541
2277	110	892
984	44	3279
860	41	3327
425	102	520
1301	110	260
1598	65	2705
800	44	559
3199	84	765
1666	71	2613
712	29	569
3258	43	3386
2353	71	860
288	118	2198
2187	110	3153
1690	71	1365
17	89	832
520	84	1487
1910	110	932
1952	44	1151
1717	62	3283
2947	95	3279
2947	44	2209
860	68	3378
300	41	1306
862	105	3254
1774	110	2397
821	106	355
2175	149	541
3273	84	1382
1255	110	1683
2857	52	2831
520	5	3391
2947	95	3327
1906	110	1506
2974	95	2823
2353	29	743
72	110	2232
3130	77	978
1367	49	1205
1000	119	1170
812	84	458
1753	106	1140
2216	110	2231
1783	110	1684
2703	151	2805
174	152	482
1588	41	131
1551	135	860
328	84	1016
1099	44	1617
2299	110	2228
2387	84	922
2947	84	563
854	29	747
1660	105	1253
2910	110	2063
562	12	1334
1242	41	458
748	152	569
259	71	1095
3151	111	2465
3227	71	3093
3061	110	1581
1258	106	3250
676	79	803
1228	19	3279
3250	95	2354
3275	41	3267
838	110	2652
2126	110	2465
1879	106	520
3069	29	748
2665	39	457
193	152	1552
563	144	747
45	126	773
252	133	1872
637	152	2185
2382	29	545
407	110	2904
178	117	2081
2696	39	2346
3033	105	3407
307	110	1474
1290	110	285
590	32	2027
1054	5	2416
2486	95	2333
3392	41	391
3250	41	2947
137	106	542
2630	29	1536
24	62	3283
573	44	607
328	105	3192
3279	132	2465
2934	84	884
1906	41	795
1089	35	1580
520	141	2679
2679	110	734
1842	41	2116
1944	84	147
1988	41	3276
521	152	1171
3061	84	3327
2833	41	760
3343	84	2970
1881	84	1258
1427	71	2191
458	84	3279
1794	118	1683
3093	95	1683
2376	120	544
2815	74	3300
572	63	3089
2993	41	1927
3279	95	2352
1024	150	3153
3101	44	2853
2817	110	464
405	112	3343
409	82	260
2317	49	1182
1096	110	3279
2947	84	721
2628	52	1196
569	84	551
587	72	2638
1625	110	1868
1506	95	2988
2121	105	2858
3279	57	1551
227	106	520
1170	110	2819
2270	49	3355
1566	41	1102
1315	110	758
1576	40	553
2461	110	1487
2421	110	1368
1028	110	3093
638	155	3153
2333	41	1593
1179	144	2832
1325	41	3279
520	32	0
1646	71	2385
3172	106	3323
1236	110	1068
1580	77	3093
2235	29	577
312	47	621
520	44	670
3386	150	565
1916	110	1170
2684	102	300
2427	82	548
2281	110	1566
1319	110	810
3275	29	2077
670	5	1170
520	106	2679
3137	110	2310
301	110	303
1891	49	984
1934	105	330
2071	141	3113
884	110	1733
3380	65	2012
2485	49	44
2385	110	1487
138	118	1439
2947	71	3302
2494	41	1733
520	44	301
273	118	2940
158	84	457
283	110	2385
129	70	1799
1633	71	1714
476	106	1801
2947	143	1614
3276	110	458
3093	71	3279
524	44	1173
2344	95	679
1094	110	3163
1099	110	2517
3166	71	1143
1487	118	2277
583	118	1213
1542	29	474
2137	155	2679
2277	21	1487
222	95	224
520	44	892
1121	95	2423
3005	41	2167
3250	84	3279
3089	95	765
3015	44	1922
860	84	563
1683	84	2343
708	29	550
1170	110	2058
2707	110	2181
1311	72	2392
2345	82	559
267	84	296
3263	106	2277
3386	150	1256
2439	93	2896
134	84	2574
1480	105	3279
3337	44	293
1424	118	1975
3031	41	3279
1916	110	2058
2190	155	3267
3192	106	2724
520	5	1170
860	84	1541
3155	105	2947
1149	41	859
999	115	3283
955	144	1147
821	108	3062
2377	72	2650
366	41	1923
1037	110	1153
2607	106	520
1624	118	418
2558	122	556
1564	110	293
2385	105	1564
2868	105	1580
2704	110	182
2657	29	482
149	118	3094
2887	110	1551
1329	41	1487
1487	95	2831
2453	71	2503
1845	84	812
1499	32	1176
864	137	2527
1872	95	3370
769	118	2905
1085	84	140
34	118	523
1554	29	3362
2791	115	1118
482	5	388
1920	105	3279
3383	84	573
3264	109	1296
862	105	340
968	41	1068
3276	126	942
1286	82	2552
135	106	1118
559	17	1199
2778	133	3216
2556	150	1564
592	44	2444
41	41	44
2679	102	2081
969	105	1793
2717	29	869
3279	95	1360
1912	118	157
3327	110	2947
1878	41	3392
2947	68	3254
3279	29	2083
1580	77	1506
2655	151	2787
1382	41	2465
2007	110	2185
1170	110	1514
1299	41	3228
458	84	3275
1325	41	2187
1087	110	3069
1643	84	2385
44	106	1962
1318	95	765
405	105	2465
1551	84	984
692	29	479
1369	84	2947
2947	29	587
2584	110	3093
3031	44	860
1551	44	300
4	105	3130
3168	71	2862
1853	106	533
2947	109	3279
862	106	3250
526	152	1599
917	102	678
175	152	2663
3378	118	2385
2026	110	1740
3276	41	1435
871	41	301
883	110	1170
2831	41	1533
3199	41	3070
2656	136	479
458	82	3246
3032	65	1040
3241	110	1611
1683	84	860
3172	84	1846
2835	41	1170
2388	133	3357
1912	44	301
6	95	3280
1551	5	1564
2947	46	3279
2187	150	198
592	49	1220
2940	41	860
2548	41	2974
1358	77	1588
1755	110	692
1177	35	352
2459	105	458
462	41	1683
2971	105	2465
1685	106	2343
3250	111	1662
2065	44	566
479	84	260
1981	110	3153
121	41	1487
1458	106	1151
2175	29	541
2929	110	440
2947	77	3279
1312	105	761
1554	29	2101
2664	108	1608
3102	110	149
2602	105	17
828	110	2448
1487	44	3108
1950	41	2112
3156	44	145
2679	102	1740
59	150	2556
1563	147	1202
301	106	1912
2534	110	3252
2125	105	3092
2589	44	590
1733	68	3279
1399	93	734
974	49	1487
1846	105	340
3327	41	2108
2038	110	1153
2862	106	347
2333	41	149
3259	106	149
1262	110	1147
2617	110	2831
458	83	2376
508	5	1162
2947	106	3267
3279	109	3385
3098	29	2081
978	71	417
1521	110	226
391	110	1170
862	118	1306
2465	143	3093
1576	105	1580
590	106	2767
436	106	520
2037	110	680
1541	122	587
2352	110	1551
44	118	2382
1458	9	2696
2848	106	3272
1506	95	2334
2546	66	1539
300	84	3327
1338	77	1291
39	105	2548
3260	110	2947
1912	41	3082
1219	82	1564
520	5	2277
849	110	2706
1266	110	1566
1566	106	1911
1253	49	550
1362	110	365
2736	39	2192
274	108	3163
1733	95	1643
502	108	129
3231	143	3373
3357	5	2277
1806	110	351
2679	110	3118
2402	110	2225
961	110	1121
1085	110	3276
758	68	3030
2758	41	1969
2679	106	520
1933	44	3153
1404	110	1121
520	72	1652
1121	106	1102
2573	110	469
2947	82	3250
1613	105	279
2419	110	397
907	95	2336
3263	105	1487
458	87	279
585	152	2154
2645	41	1065
2695	29	542
495	106	458
1885	41	1956
1793	71	138
78	150	3085
2355	110	1187
301	5	1170
2684	151	2799
2464	109	1551
261	95	3275
566	5	1672
701	110	1497
2512	31	1642
1024	63	1565
1249	16	2886
1315	44	1157
843	84	261
2707	118	1502
2013	110	3268
123	110	3030
860	128	3275
391	110	1487
769	118	535
1329	110	227
458	41	2465
2347	44	267
767	122	3192
3302	118	296
41	95	1311
3285	44	1085
2795	62	1627
1873	110	1135
3279	95	778
2645	29	559
1649	109	520
1331	84	523
860	118	1212
355	41	957
520	5	1817
1566	29	527
1293	65	138
581	106	3125
301	110	2058
2286	110	1343
2211	110	2185
2707	29	524
2359	110	3392
3349	41	1977
2862	110	3279
1382	84	1683
149	72	2612
1465	41	3066
1572	133	3275
538	106	2691
1243	133	1295
1564	5	2001
140	95	2337
860	118	1683
2447	41	429
3317	105	1861
2929	77	2438
2556	93	1564
650	108	426
36	106	593
2328	152	2679
2679	29	2365
656	41	283
159	143	112
670	102	913
2831	41	670
3161	95	1031
1487	108	520
2058	106	2679
744	152	2704
2571	106	409
860	84	1683
2537	29	520
1314	41	2928
3275	95	984
327	77	2551
3132	133	3385
2403	44	301
765	110	3350
956	106	724
1215	105	3085
2465	41	3279
2725	114	424
3266	105	3089
1417	106	1566
3215	102	1487
2384	106	520
2310	110	1218
2947	118	3093
1487	82	2574
2453	84	2947
1683	84	3378
625	82	513
3033	26	3275
3357	5	2770
1664	105	3250
3238	78	2755
1996	110	788
2645	95	2929
3069	95	3279
288	71	2832
1305	110	1017
1689	130	2582
3346	110	409
2058	109	1487
301	7	1170
2109	82	627
1163	87	1554
1576	41	3048
1791	29	595
1564	5	931
761	95	986
3002	110	2176
425	110	2058
2070	77	3255
1293	110	1551
47	133	520
3275	95	860
1919	110	1497
1332	110	3279
1755	106	2055
2465	44	3093
270	48	3279
1487	95	301
2179	110	2167
523	62	3283
2376	143	3276
2435	118	458
1382	41	1588
1007	41	3072
17	41	1404
1565	73	1009
2115	118	1408
3250	124	3153
1100	89	603
3279	95	2353
2703	106	2805
3199	84	1943
2453	84	1654
1212	143	2247
1030	41	2336
2947	93	1487
977	41	1861
45	106	1046
1534	25	982
179	138	1548
3302	35	3279
1630	84	3267
2909	106	3250
3199	17	2448
520	62	355
235	150	1854
2343	84	3069
646	44	2605
2995	29	743
670	44	227
3250	40	2629
39	127	2165
2328	152	2081
2974	95	273
2385	110	3087
520	130	2627
2150	138	563
3267	45	1102
2674	102	1121
1454	84	3267
984	148	2947
335	110	2447
2656	39	260
1622	143	70
2515	110	2770
121	110	2385
1444	71	1222
391	110	69
1242	84	1118
2277	106	520
1531	152	2155
458	95	3347
1580	71	3093
1667	95	1374
458	82	2448
2947	41	1102
334	84	458
1137	108	2298
833	150	496
1761	29	3358
1933	110	1691
1293	110	1219
1162	110	978
3172	84	3033
1693	110	2912
701	106	913
1121	29	511
2947	120	1564
924	84	614
1932	110	1443
670	44	301
1551	5	987
1580	82	1614
3216	106	1906
2548	44	1487
1758	44	2195
3250	132	2154
2548	29	2419
1906	5	3216
892	71	391
3093	105	3372
2618	126	2575
409	112	810
2686	29	1994
1487	84	227
1630	105	409
2278	41	1551
2719	29	2099
1743	14	1580
1431	62	3283
1554	29	524
3250	110	2307
2146	147	1904
2704	29	2093
2904	110	3163
2544	91	531
314	110	984
2679	110	900
138	110	1121
2806	115	3283
3062	82	520
2947	95	1683
1777	5	298
3148	118	810
2839	41	3063
1771	35	74
2922	62	3283
860	105	260
2679	29	2081
2041	62	3283
391	106	2385
2471	106	2021
2720	102	1484
2971	110	3250
717	29	455
986	110	457
327	155	554
260	44	458
3279	150	456
1618	110	3161
906	110	1765
3079	41	469
1872	5	1757
1079	44	1487
555	62	3283
2308	110	3267
312	41	3351
300	105	3279
1551	68	1487
2088	63	1904
714	126	437
3275	150	3153
1657	110	2267
173	33	39
2448	71	2353
1130	142	2029
3302	68	2947
458	95	1518
1249	106	2221
2929	110	458
334	118	592
1121	143	1102
2222	29	523
2679	102	447
1869	110	2906
2387	71	149
713	29	2098
1309	110	409
1683	41	2343
2947	106	1978
701	70	2936
2460	110	1487
2979	49	2516
2353	95	2909
2960	106	2511
740	152	2697
3276	41	3032
1332	44	1175
1668	68	3075
2507	84	3343
3226	122	3094
2679	29	2021
2679	102	520
2292	19	550
2150	152	2947
845	102	1170
2748	44	558
39	110	2217
812	110	1487
2707	150	559
3147	41	2756
1993	110	1279
1118	95	1380
1864	41	3410
559	109	2645
1487	42	3279
2126	110	1580
2432	118	3302
2659	150	487
3033	84	378
1708	110	789
409	68	2109
520	152	1487
2862	77	3327
3084	150	2133
458	110	3346
86	41	2638
1381	105	924
458	82	3045
3032	110	2464
2638	118	1470
2788	125	1872
1912	5	2679
3275	71	2107
351	42	3130
2965	106	3392
61	110	1487
2334	110	2376
520	49	1170
2665	29	2073
734	0	656
3093	106	1580
571	152	3084
149	106	1155
520	62	3283
3267	130	2947
629	0	450
2447	82	2448
3250	150	3279
2599	110	2539
412	41	1979
3265	150	586
2702	150	549
882	41	1097
2119	95	1872
3030	71	2947
293	41	3327
1305	110	597
2728	138	2011
8	118	3053
2707	155	746
1576	110	3153
965	70	520
1128	105	1121
860	41	3061
161	84	334
1637	44	529
550	108	2353
2947	118	1212
2103	117	479
2507	41	1278
575	119	2720
301	41	2277
523	62	3283
1698	110	2750
2929	41	660
1506	143	3246
3250	71	1242
2679	102	447
1487	66	520
2281	44	1566
2645	29	1749
1777	35	559
670	5	1249
2277	110	2679
1551	49	152
3166	150	2155
317	136	2719
391	110	845
2909	105	1732
1582	118	2824
559	144	1777
3267	68	3097
293	41	1293
3316	105	296
2419	49	39
2831	5	2385
2732	29	590
3199	110	1381
1098	110	328
3279	98	2947
1754	110	251
2299	110	2332
1877	5	1170
2126	41	1687
3098	29	520
2719	29	573
391	110	2460
106	105	2947
2724	29	583
2991	133	89
977	68	1102
2947	85	2645
2812	62	3283
471	110	409
3243	41	3271
1551	44	1172
3033	110	3279
2666	29	729
2058	49	2679
214	44	2335
3329	110	2369
1170	121	520
2624	95	2348
2707	110	2996
3058	41	898
1551	123	3153
526	115	1564
1085	44	479
2901	110	2947
3324	110	2947
2707	110	746
913	41	227
2343	110	860
3236	110	1904
2556	150	1565
2556	44	860
3224	105	978
3302	41	3097
3100	135	458
2006	110	2066
2109	118	457
2947	133	3275
1487	110	2058
2537	110	1554
907	111	2556
44	95	1882
2947	77	2109
2670	82	507
860	71	1683
3275	108	3279
3260	105	279
2196	110	2155
2058	110	1487
2648	41	98
1748	44	1196
1487	150	2376
1348	84	1846
1231	110	1639
2333	41	984
2679	122	447
2559	41	1571
2456	105	161
3327	41	1293
552	106	1829
1162	71	2742
1121	29	511
1487	107	1705
2431	110	1786
3166	133	214
2982	84	486
300	71	2456
2738	110	2592
2679	110	3200
860	112	3327
3327	118	2393
260	5	479
469	144	138
2126	105	2465
2757	84	1487
2201	150	520
1258	84	1881
1667	143	2447
520	115	3283
458	102	495
1789	110	2906
3374	84	3152
2377	110	3234
458	95	373
1293	128	1551
1279	41	2848
49	41	3341
1843	110	2947
825	12	946
2137	155	2167
1449	135	3279
2884	41	1605
2353	118	1322
1703	110	2523
328	74	2909
366	110	3112
2807	62	1564
860	105	3374
346	143	74
1885	110	1187
3327	44	3279
2167	113	1487
1462	84	2465
3033	41	2333
3003	110	2467
511	63	3077
3130	95	17
458	153	3279
2221	150	2136
1078	95	1089
1626	128	2861
339	106	550
3279	110	1506
602	110	301
2516	8	2782
1638	110	1563
1898	130	2862
3070	118	1122
532	62	3283
260	84	3294
1787	5	2731
2467	109	3275
60	150	3153
3275	44	2947
1122	106	1174
670	110	301
1586	152	2187
212	71	670
1517	106	2530
860	84	296
1446	41	1441
1551	110	3279
2151	84	3153
1121	41	344
1085	110	3327
3202	152	538
1741	41	1658
1102	41	3279
2465	84	522
916	105	3225
997	110	1563
1277	41	1099
1612	110	2465
2507	71	2283
1614	122	580
3260	118	2577
3398	5	2380
1380	110	716
2438	41	2385
1884	105	3275
520	106	2679
2574	44	1329
3008	72	1906
860	118	2947
3260	41	3276
3008	106	2988
518	44	1169
656	5	520
580	5	1641
3185	155	2178
860	106	1220
3033	84	3302
2036	102	479
78	150	2185
2512	29	2097
1693	110	1683
1178	133	1564
240	152	445
3220	105	3246
2977	110	936
2507	71	3343
1253	5	2703
3146	118	3259
1047	118	3270
1023	67	166
2712	155	2095
1432	105	1487
520	44	1487
860	44	984
2377	118	2277
2991	17	260
261	118	3275
555	60	1564
210	110	2385
348	118	307
1342	84	2352
2797	119	1487
520	155	2167
2394	144	2640
1740	110	656
3152	95	1683
2185	116	3085
1383	84	3289
1567	84	2947
2587	106	581
2346	5	1411
1115	41	402
2831	5	2377
2958	106	3272
1861	118	2338
116	41	2277
1918	118	921
2679	29	75
1046	143	1094
1329	110	116
2519	29	2334
3061	84	860
300	118	1362
1409	41	2962
2385	41	1646
479	5	348
2947	102	183
52	71	391
2947	95	161
1542	49	696
1345	102	914
827	110	2679
2964	41	860
2479	44	1816
1861	143	1733
1683	77	1369
1197	44	3093
2259	110	2656
3302	95	2415
1580	118	3376
2058	44	3290
2666	102	1760
2126	105	2465
2333	110	1551
1109	116	2448
306	105	458
458	68	1580
548	5	2537
122	44	1564
242	155	3041
3069	29	2096
520	62	3149
1656	105	261
701	106	520
2947	133	3267
3334	110	3134
2946	112	2862
899	84	1034
2381	133	1598
301	5	670
275	71	670
1551	29	523
1551	68	3250
1102	74	3279
1735	32	591
528	106	216
2132	152	2155
2487	84	2935
1690	110	612
2034	110	3377
3344	110	2385
842	41	846
1847	110	3275
1667	95	405
1846	105	1506
403	143	1201
3279	106	2548
1949	16	558
555	152	1565
2795	119	2677
1329	110	1740
2452	125	2947
1313	105	806
549	62	3283
2684	29	526
301	63	670
938	15	2063
3179	106	1249
2679	29	3357
1717	62	3283
1377	84	3313
984	84	1881
1971	110	2686
1290	110	1227
860	110	984
1170	106	520
391	110	1487
2353	106	979
328	41	1593
2395	110	3152
1080	128	2548
227	75	1487
672	44	2168
107	118	1415
2058	29	313
1379	128	1564
572	62	3089
3060	110	1580
3279	41	1683
2947	110	55
2652	110	2155
563	62	3283
2638	82	984
3279	82	592
1859	44	1551
1580	95	2126
3395	41	3273
2650	136	3279
862	144	3275
151	29	1305
3279	49	3130
3172	84	3033
3323	84	2912
2925	44	1808
313	5	1170
984	110	138
2353	110	772
1273	150	3279
2947	68	3279
1779	110	721
2679	122	520
355	110	1487
3279	77	984
460	110	970
1643	110	1153
2666	110	729
1487	95	2438
1221	106	855
2292	5	3015
301	106	391
168	152	2448
458	118	489
409	82	2752
260	29	479
2698	29	544
2112	84	2503
1531	152	1143
1121	68	1551
2187	150	3190
3138	41	1077
233	95	2353
812	110	3153
267	68	1733
2757	41	1329
306	110	458
1177	70	1580
2947	29	2013
2277	41	3180
2068	44	2466
1018	110	334
473	152	2155
3130	84	2963
1580	95	1576
301	110	2221
1594	41	761
2255	41	208
1384	110	3302
860	41	2336
3335	84	267
1170	85	520
458	68	1102
1085	41	384
3139	103	1487
2947	77	3250
2807	62	1099
2862	110	3250
1564	150	745
405	110	458
2439	51	773
984	41	2646
1264	41	1466
2123	105	2931
3378	105	2951
2053	133	1241
1379	65	1325
717	49	2366
2112	44	532
1818	118	1411
3131	138	2186
3061	110	1683
2112	110	1793
3216	110	260
3033	26	3279
2805	106	3015
2463	110	1459
1121	118	3275
301	5	2965
2917	122	447
776	142	1441
2328	119	3283
1258	44	1085
2252	110	1604
1329	110	301
1225	68	3230
236	33	2396
520	44	1170
742	152	548
2167	44	520
2719	102	1796
580	155	2212
3250	143	1210
391	88	734
2119	95	1592
758	5	3030
1327	125	511
3275	85	3273
2353	41	2448
3392	105	1487
1391	110	771
563	82	1263
1947	32	2683
818	3	945
3001	150	1574
2837	110	2291
2679	102	1767
2679	29	3357
520	115	3283
1411	37	3283
3279	95	1052
2947	120	3153
3243	105	2562
432	41	3195
260	95	1906
2453	65	2473
2609	41	367
2527	29	2094
860	144	3153
2287	41	3276
1121	143	810
3193	41	2640
3402	84	3250
2551	41	327
1067	105	1250
616	106	581
1398	133	479
524	84	1554
1439	110	1121
520	44	2886
2167	110	2179
984	77	458
2707	150	2094
301	63	670
2187	110	2189
1885	41	1846
2407	110	2155
3279	71	1683
349	42	3153
447	106	892
2445	84	2374
2313	110	1791
2124	110	1852
932	62	3283
3276	106	627
932	110	355
2328	5	2385
892	110	2679
355	126	196
1643	84	3013
3061	77	1645
1793	127	458
3380	41	1026
2244	141	3360
3275	77	984
1442	102	1196
3279	84	2109
1551	68	3276
2353	41	860
2904	41	2919
907	95	2352
975	71	1292
263	41	937
2732	155	2104
734	155	520
550	106	2353
24	62	3283
2963	41	3160
1382	41	2465
3378	49	458
214	108	39
1912	41	210
1701	71	2824
352	110	458
1249	110	2021
2625	41	2732
1717	5	520
1943	71	1846
3279	128	1085
2686	102	559
1363	112	860
2377	41	2679
1702	110	1701
1643	77	3061
790	110	2495
1554	108	3279
3273	95	2385
2791	62	3283
1855	155	739
2929	84	2643
28	82	1213
1362	41	3061
2679	102	2058
2413	5	2463
559	44	148
860	41	1683
3172	44	860
2015	110	891
987	110	1351
301	110	2595
520	104	1487
1266	112	2651
1662	79	3289
3327	82	860
3279	110	3275
1715	44	1164
561	141	3357
3192	29	509
527	84	3035
3266	41	3373
994	44	1431
330	29	725
323	138	2448
2041	110	2385
3243	95	1804
3128	115	3407
3098	110	701
737	117	2086
3166	150	2155
1564	44	1793
301	110	1487
1580	77	3093
413	105	689
2679	151	24
1406	95	2557
1487	95	65
48	41	2128
391	110	1170
520	62	3283
3275	41	2333
275	5	670
2679	110	327
2167	155	520
1957	110	2651
1580	29	1504
1546	118	267
1296	84	873
409	105	3069
2827	41	2614
2277	110	1170
2479	44	2929
1564	67	3153
2125	71	3061
121	118	2385
984	98	3296
2662	5	22
1102	44	860
924	84	1121
3279	105	3250
1407	147	592
198	110	293
3137	41	2978
3235	106	528
3276	110	3094
409	133	2019
1310	106	1807
984	41	405
3035	84	2596
1093	110	3161
2886	72	231
372	41	2336
885	110	1297
2	5	860
3031	110	1102
2933	71	2974
3035	41	1959
3310	62	3283
1695	106	3119
3061	84	1683
1564	95	3279
2947	128	1098
3378	105	458
1487	44	301
214	106	473
2324	49	984
1565	150	555
2447	105	1307
1170	5	2886
1487	95	121
583	82	2214
3394	110	1580
2718	150	572
525	116	1557
523	62	2516
3061	84	1733
1623	118	3161
1431	150	2371
1054	118	668
592	44	3296
301	44	3392
2357	75	1551
780	110	758
2045	110	984
1501	105	1487
984	106	1566
2714	106	566
1084	41	954
643	155	509
1433	41	143
734	147	447
2441	41	3199
3279	73	1056
2187	152	992
2465	109	3279
1913	71	1613
2584	110	1207
765	105	3258
1492	144	491
2993	84	413
1419	84	2156
1557	109	3275
2688	150	358
880	110	3407
1580	82	1541
2160	106	1413
520	44	1487
2343	82	860
300	68	764
3162	117	894
758	82	458
495	48	644
1830	118	2477
2378	77	2112
1487	106	208
76	110	2187
297	95	3243
458	143	2947
2303	41	1239
918	110	925
2322	110	3142
2679	150	520
1984	110	227
520	5	845
2546	29	563
2679	110	1390
1846	112	1369
2805	62	2449
187	152	583
3279	109	2465
2014	110	2987
1377	84	664
837	110	3267
2659	110	164
2058	29	734
2947	29	587
2889	41	3007
1341	41	1643
2444	110	1220
694	88	1305
2947	44	3275
260	73	479
479	84	2504
2024	84	1403
3093	121	2301
173	33	3353
212	44	2385
2652	110	3166
1487	133	520
1253	110	1196
2058	66	2081
3138	41	2929
1643	106	2438
2549	150	2167
1038	122	544
2385	84	2947
38	106	2353
1016	108	267
19	41	1793
892	110	1170
3250	41	2947
149	118	1011
167	0	3359
2187	154	580
3033	84	3209
2650	110	1170
1740	106	2679
1572	72	548
2129	62	3283
3012	106	1343
39	106	2548
3279	110	3056
2807	62	1565
1026	108	3279
2679	133	520
2640	20	684
1990	110	750
2282	106	3093
3192	41	2376
2240	154	2974
3033	105	3069
2611	124	1793
2588	82	586
2465	110	3279
2187	150	2151
1506	29	735
1788	102	590
2707	110	746
180	38	3279
1102	87	1163
1520	110	1124
599	85	890
2959	84	3279
2304	71	3102
2292	41	1999
467	62	3283
476	133	2999
860	109	3275
2947	77	3250
2930	143	1626
1740	5	69
1440	106	1893
1513	44	1121
3020	95	3378
1487	138	520
2418	44	520
1512	41	1325
3279	41	2824
1846	84	1613
3327	77	2385
2277	143	1170
3342	41	3378
734	0	447
1048	84	2947
458	77	3275
814	41	3307
2257	110	1145
149	106	3276
5	95	2318
3093	95	1568
428	110	683
1683	41	2343
132	105	761
801	56	572
2761	41	2505
2810	119	1121
875	63	550
2346	29	543
826	110	1449
2947	84	1580
2385	118	2462
520	62	1487
265	41	1999
1538	84	952
3142	110	2202
2651	41	3275
692	29	2071
1170	77	3127
458	44	3275
860	5	458
3302	95	3218
3070	118	2597
1779	110	860
3302	84	3161
520	35	2679
1551	110	3279
1861	95	2941
301	110	2595
860	98	1551
2909	41	2112
1948	102	2263
2137	152	1487
1683	84	860
342	41	2831
30	62	3283
2909	5	2974
1554	5	1701
3336	105	458
433	110	1213
1566	29	381
1906	110	1279
3166	150	2652
267	106	984
3029	106	520
2068	49	539
2353	29	2581
198	96	580
1795	41	3240
2016	110	925
1380	5	2947
835	106	3272
3166	106	1219
1362	41	1612
1555	110	934
1329	110	301
1172	5	1564
2693	110	2802
1108	44	2448
301	5	670
2465	71	860
414	110	699
860	84	3152
3279	68	3093
2109	82	627
300	41	337
1287	110	2929
2909	5	458
3212	143	2824
3030	143	458
1044	110	267
109	95	1136
3378	41	3045
862	71	2638
334	95	1320
555	62	1564
2556	44	3279
409	110	3279
1121	84	3267
533	62	3283
1487	72	520
1085	108	401
1939	106	1334
2152	152	998
706	5	532
3247	106	584
2507	41	1377
520	77	619
1861	118	3267
1901	44	2853
1329	108	2965
860	105	3275
458	82	1541
301	110	1170
2712	29	563
129	77	984
1732	49	3296
1687	118	3279
860	77	2385
3291	49	3017
841	70	2668
3296	82	2558
1733	95	1358
912	71	1516
1080	19	1542
479	11	260
2295	110	1188
3086	41	3257
1969	5	1488
520	117	1487
2947	29	563
2553	150	2137
385	41	371
3093	84	409
2656	5	3354
595	37	3283
3327	84	2946
1732	95	2909
3234	44	1170
2903	29	2106
1683	41	860
3239	71	1394
457	150	161
520	44	2831
860	71	2429
1603	110	3373
3074	68	1118
1846	84	3249
2002	110	2996
1904	108	1506
580	62	2187
1133	29	505
2363	104	2071
1100	110	2435
2562	49	334
1102	150	3153
1324	82	446
1382	44	984
3327	65	2862
121	106	932
2931	95	905
1487	29	2137
1654	106	2258
3371	41	1872
2109	73	2090
2712	102	3204
2862	110	3251
2679	110	2411
2320	110	2321
813	84	984
3093	95	1683
2724	110	752
2807	62	1565
1866	110	670
2656	150	2071
424	127	3276
572	144	1206
907	143	99
3180	44	301
2464	102	2947
355	93	3118
1202	118	761
3279	118	2444
391	87	1000
2126	84	458
3367	40	759
977	143	810
2601	41	1966
1487	106	301
1577	110	3378
1846	105	1506
1551	82	267
1900	44	1699
1487	41	458
2377	44	301
2651	41	3074
483	155	296
987	5	458
1983	110	2155
3061	84	458
2148	152	2698
2679	29	734
2480	16	2353
3093	71	1683
3273	118	1793
907	138	505
2547	133	2947
3273	128	2824
3327	71	458
2390	41	2391
3279	82	1198
1673	41	3045
1000	41	2041
1766	106	2818
860	112	1683
2909	128	41
520	44	1249
889	95	2838
913	63	670
1417	106	140
1732	95	2125
1733	112	977
822	14	1215
978	84	975
3338	41	293
2962	65	3327
1258	143	1881
1354	110	3296
1177	110	935
786	105	1487
3234	41	208
2448	29	3122
3171	41	120
2656	29	441
2058	5	2515
520	36	3283
162	110	2747
2277	41	391
3048	41	3032
1154	143	3279
1301	44	260
810	95	2606
1530	152	580
2974	95	2849
3326	143	844
627	41	3279
260	29	2071
2791	62	3283
1085	95	2893
1076	110	689
1885	110	1506
3130	95	1102
3243	110	3279
3385	110	1559
1102	77	3275
482	84	520
1408	110	334
3275	68	984
227	44	913
2879	41	140
2460	41	2041
2912	105	458
2661	150	239
1336	118	3327
1146	96	477
149	107	1171
141	110	3272
3295	105	1487
2702	29	549
2115	84	2881
1870	109	689
2448	29	550
3118	119	3283
2263	84	1965
2140	154	1564
1662	41	1704
1935	29	542
1563	150	39
321	71	812
907	41	1094
2125	41	3327
3061	110	987
1	108	1487
2947	82	1580
2679	29	3357
1921	110	227
1990	110	1170
3089	143	1487
2514	29	514
1288	110	1969
2947	143	3275
1572	52	2465
3276	19	1160
3353	106	1143
3046	41	301
3093	41	1687
2797	110	2385
374	44	3302
108	105	1551
340	41	2651
520	5	1170
3315	110	3077
3279	49	2465
1340	41	2908
3295	105	1487
2448	95	924
984	82	761
3378	105	41
260	29	2071
131	41	600
1085	110	3275
2947	130	1098
2277	41	602
1102	110	924
3273	128	2824
689	95	3276
3378	84	3089
122	106	2520
3375	143	458
1487	143	1102
3271	106	590
2438	105	3302
1861	82	981
812	110	458
2465	84	3279
3020	95	3088
1764	39	1121
2831	44	301
1487	95	1646
3275	5	2104
1551	144	2119
1487	44	1170
860	118	2465
1487	43	520
1458	110	1667
129	143	3078
1532	133	161
984	71	3289
3327	143	860
987	110	3327
2712	44	1362
3199	106	860
1917	107	1659
301	5	2965
2010	105	810
1258	105	458
1364	106	1203
2126	110	3343
812	108	3093
3199	41	860
495	106	458
1881	71	984
3166	110	2132
3279	95	2288
3073	73	3205
3036	105	2947
860	44	1197
670	125	242
237	104	479
520	62	3283
2679	5	3357
559	106	2063
1576	105	3287
892	133	1170
2149	152	550
1049	106	3279
2115	41	2856
301	44	0
1293	65	138
2130	110	2465
458	143	1102
144	110	260
520	106	3149
13	95	1487
3275	41	1102
296	29	483
301	49	520
523	5	1551
562	62	3283
1143	44	473
301	110	1487
3093	105	2947
131	41	3107
3027	118	1104
1090	110	3269
2688	29	531
1487	41	301
2895	137	267
2674	102	1479
1861	95	3181
2227	150	559
3094	41	202
2905	84	1258
1333	105	3279
3080	74	3074
2938	84	2556
1842	84	2931
701	133	1284
2679	102	734
2977	105	1118
3151	82	1487
978	110	458
1717	49	1000
2657	39	2779
458	102	1580
1914	143	1119
670	110	391
2289	110	2829
102	41	3327
2712	29	2095
1916	41	227
784	110	1170
1008	110	2278
694	102	1872
2089	106	2055
2058	110	1497
2947	118	3045
3405	110	458
1016	41	984
2705	102	555
1067	110	1551
2155	150	628
2909	105	1614
3093	108	2929
1564	93	1557
823	106	1170
2988	110	260
3250	29	2876
3098	29	520
1257	41	3267
573	5	511
2241	152	1563
602	84	116
3279	106	1033
2679	29	1234
925	105	1386
39	110	1736
1551	68	984
1071	41	1081
2459	41	458
1565	41	2947
3279	110	3268
3279	120	3267
981	110	1580
3382	49	2159
3093	118	3378
824	84	3033
2899	110	1854
833	30	504
1543	41	953
1541	44	2947
520	149	932
3152	95	3374
1149	128	1085
396	44	2619
984	143	3279
1082	41	1564
2184	113	3069
2356	44	520
2826	106	2882
1293	65	924
66	110	227
978	68	1268
2138	152	2169
1016	16	1096
3093	82	2465
861	105	1487
2561	106	559
520	44	670
965	106	3096
550	63	2628
3061	105	3093
56	110	3276
2715	39	748
925	105	3407
1999	110	168
1919	5	670
2645	110	458
294	110	3250
3089	84	1487
2137	152	520
769	41	3242
860	84	3296
520	106	3140
3279	41	761
99	73	1473
479	106	692
1249	41	301
865	152	487
355	110	391
323	132	550
2822	105	3273
2638	110	3267
1034	73	563
3365	62	3283
3044	110	2260
3139	110	24
2085	155	1473
1580	108	2465
1958	41	762
3250	77	2947
458	109	3279
2979	110	1551
640	70	2652
181	0	2448
3090	41	426
3102	112	292
479	49	2656
458	41	1683
792	110	2183
770	150	2679
2659	106	487
520	84	2595
2656	102	2071
1777	5	559
860	71	138
3314	5	595
2638	41	2923
1990	110	2377
267	82	3045
2460	41	391
2465	143	3093
3033	110	3267
1784	110	248
3169	110	1537
66	110	210
1564	110	908
811	68	3399
2448	122	550
3276	27	3153
2353	41	2314
860	82	2464
1651	84	409
138	110	2370
2974	150	2135
10	84	458
987	110	1333
2780	110	695
2011	110	924
504	152	2906
1437	82	3243
471	110	409
2949	117	404
3042	110	458
1939	110	2284
2886	41	2277
1487	106	2947
2336	105	3279
3279	68	690
3327	95	3378
703	29	2084
2213	110	2723
3343	95	2435
3219	105	260
1322	44	509
3118	35	1584
520	84	2385
1897	62	3283
3275	110	676
2126	110	2465
1605	105	1102
355	106	1170
2490	110	3264
647	41	2435
3	105	3054
3015	118	1748
1143	106	3166
2386	118	673
2678	96	1438
520	133	670
2112	41	2785
2704	110	744
3130	41	1059
1564	67	630
996	110	3153
805	118	2250
1634	5	994
3048	84	3289
1369	84	2465
3264	77	3170
1423	41	3279
3089	29	2098
2236	110	2353
1170	110	355
2385	84	3275
2118	110	244
1021	100	1861
2651	112	977
1359	110	1200
590	84	2987
1793	41	2203
3036	108	2112
557	152	2562
1687	110	2465
520	133	670
129	71	3330
1431	41	827
2833	84	1118
3114	117	479
1551	143	2947
1654	41	2616
520	106	24
2728	29	2153
3279	45	3275
296	106	3275
932	110	355
1797	95	2465
2595	41	2377
1233	95	3183
2465	95	3378
924	110	1102
2679	5	734
2892	41	1690
3327	71	860
1551	29	523
458	106	3272
3250	41	1118
2548	107	2947
2302	143	1940
1732	98	1220
1541	106	984
2343	41	1683
458	29	3136
2842	131	734
2679	110	2167
391	110	301
336	110	334
1540	16	1832
2336	105	3275
3111	110	1551
2144	155	447
2385	41	3053
2021	110	3139
881	106	3279
3383	84	1860
2252	72	329
1118	106	3272
609	41	1928
3076	44	845
2041	110	1170
8	110	2880
1275	110	3250
405	94	2108
43	110	1751
357	42	1731
3378	110	2385
860	110	3198
1102	49	1861
308	48	2974
2974	41	1102
1317	44	129
520	152	1399
1694	95	3030
3279	98	2465
3276	44	2177
1732	95	2748
373	44	409
1249	106	520
3327	84	261
415	110	2658
3394	110	2125
409	95	1110
2726	110	3214
1068	118	3279
1333	118	1547
2151	152	3153
2277	110	1170
1740	44	1170
1564	155	2556
1278	41	1831
3085	155	2133
310	110	2167
3275	67	3153
138	106	2522
2058	63	676
2712	110	2150
2041	5	268
3273	129	2824
3407	110	1506
2460	84	3032
2797	115	1487
1547	71	2974
1668	84	1733
2401	110	1551
1862	105	161
1309	110	928
720	110	693
3118	62	1170
829	41	1674
3057	105	2940
3311	136	3276
1258	41	98
532	106	1182
1123	133	2353
3279	109	1411
78	150	3265
1411	113	3153
870	41	1291
57	150	3166
1362	41	3254
1085	110	1597
1253	106	3360
520	153	2679
624	58	1554
2808	62	3283
3272	81	3093
17	84	3269
1793	5	2576
2679	122	447
2432	110	860
526	152	1565
1982	41	2550
3061	84	458
605	110	2707
382	110	137
1514	41	2385
590	62	1837
3250	143	203
1953	110	1159
3378	110	458
301	110	1487
3275	41	1085
1906	105	1580
3279	67	571
328	110	3275
2642	110	3275
3279	78	1551
2507	41	1094
1311	110	1154
3275	102	721
277	110	3130
2207	15	1527
1402	5	2187
100	110	2620
242	152	2679
2316	143	281
227	5	116
1450	41	1969
3321	144	1170
2679	29	932
1861	29	535
733	152	1268
1793	95	2974
2167	150	2179
2295	118	1199
2137	152	520
458	84	1580
700	74	517
2385	41	2593
984	68	2931
591	44	579
2988	106	312
1298	71	1327
3289	95	1270
210	110	2058
1020	110	3068
2465	95	1683
3385	95	3276
987	6	1212
590	44	3275
1102	93	3302
1875	105	1487
2679	49	520
3279	41	1121
3310	152	2679
2947	41	203
2440	49	3110
323	150	1499
3305	110	1170
670	110	301
1500	106	300
2017	106	1219
958	106	3335
176	152	465
2210	144	197
473	115	3283
3232	110	1102
2219	43	407
765	105	3275
1819	49	1554
1506	77	458
1379	110	2189
554	119	2704
2178	155	550
2464	2	1861
2650	72	520
2685	150	2141
482	152	2657
458	121	978
2995	110	2944
3074	41	2651
3279	143	2947
1487	29	520
734	155	379
323	0	550
1580	77	1904
1961	41	2909
206	143	1013
3069	108	569
2772	16	559
1740	41	1920
2946	84	2947
932	62	3283
2997	144	1564
1371	110	1209
136	105	2651
731	110	1762
2281	110	1176
1783	110	1460
2718	29	2008
892	130	3118
1264	41	1045
1986	41	3331
1070	105	627
2444	44	3279
178	152	2781
1030	110	1752
970	41	1683
3287	110	3233
487	5	350
1565	150	3153
2385	41	924
670	5	2385
2188	122	583
1687	105	3093
1514	106	1218
138	44	860
2277	5	301
1579	49	1170
701	110	1170
3235	110	394
3023	150	490
2226	151	2803
2305	110	3243
983	44	3273
2507	106	3279
3061	71	1683
3245	41	341
2719	39	3093
44	150	925
3199	110	3327
3036	106	2616
2707	150	3189
1717	41	2385
9	106	1196
2718	29	572
2595	5	3145
2266	106	499
260	29	2071
2193	150	2951
2228	67	3085
2108	74	3066
2679	29	3357
2261	110	3022
510	109	2896
3327	41	860
2343	41	3048
656	41	957
2637	108	399
1694	95	870
39	29	2652
2748	105	2613
3279	19	458
328	105	161
2947	95	1067
1170	87	520
313	110	2167
2434	110	878
3373	41	1547
1564	154	3153
3061	105	2119
2680	29	1001
3129	110	2610
3166	84	1418
2824	95	967
227	110	301
1930	84	2912
592	133	1899
2921	106	924
1453	110	1170
1888	110	860
1565	113	1564
860	84	3152
301	41	670
2229	150	2154
1836	68	1121
984	121	2929
1280	49	1170
641	152	2189
2343	82	3061
1487	131	342
186	33	473
2187	154	3190
3074	41	2651
2293	109	2465
2277	5	520
1224	41	3228
300	105	1121
520	84	1487
1553	110	1551
1121	105	3327
1580	95	1846
1916	5	2328
2515	39	520
254	110	1170
1213	41	1072
236	0	473
391	118	121
1069	110	1566
3167	41	932
1683	143	970
80	143	2956
1723	110	3275
734	62	3283
1102	110	984
1170	153	520
2534	44	2464
2003	110	2711
563	109	2536
2343	65	3061
688	110	893
2947	41	3250
977	95	1580
521	153	392
3279	44	458
3105	41	3387
3279	77	3093
585	62	3283
3303	68	3380
1282	150	443
710	46	2929
1220	105	1057
1646	84	2385
2385	65	2254
3279	71	1551
2831	110	670
360	32	539
1132	110	1667
2947	67	2142
3299	16	558
1389	41	1967
1588	105	3254
153	14	1328
473	49	2980
2947	106	271
2707	110	3159
3061	41	1686
1762	110	1102
1580	95	2465
1152	41	1378
807	118	1218
1221	110	2311
301	118	919
1755	49	479
2679	122	447
1429	110	267
301	110	1488
2657	29	2072
2681	29	523
2346	95	2989
2201	118	2167
2221	110	2137
2656	84	260
1180	118	88
1205	94	2367
605	110	2968
761	118	2444
1170	85	1399
1105	84	1487
860	71	2465
1809	44	984
1700	138	580
2486	41	661
2826	106	2882
1126	44	1170
2109	73	591
2353	110	1196
2155	150	39
1212	116	3153
806	68	2510
2630	71	1356
1034	95	1863
3317	84	340
1098	110	978
458	106	1580
2679	110	900
1335	110	1178
1170	110	391
2862	106	585
391	110	1043
520	48	701
2341	68	267
2048	44	290
2444	68	411
814	110	3276
458	41	3093
1293	84	267
2333	105	3089
3284	110	3302
2680	5	2350
2915	143	2963
533	106	3120
3224	95	2028
610	5	473
328	105	259
21	44	1579
2452	84	1265
458	71	1102
2446	44	981
307	44	2448
2975	150	184
2704	102	554
863	133	491
2679	29	1271
1255	68	317
2458	84	2126
2385	106	1487
1731	118	3302
2709	120	2349
2679	110	1140
3289	84	1673
2947	41	922
458	77	3279
2947	95	1240
97	106	563
2875	14	2353
1337	110	2172
2679	29	242
2463	102	3254
2724	5	2102
301	95	304
1820	82	1566
924	110	458
3276	95	149
3244	41	1054
1487	110	3275
1625	5	516
203	41	2947
563	72	2948
3133	41	2595
2835	41	1170
2947	84	1102
3319	41	884
2191	110	2155
2221	150	2137
1010	77	2482
2385	7	1170
483	84	296
10	84	458
3327	105	3250
458	95	306
1971	102	343
1564	32	526
1382	41	138
3275	143	2947
3126	119	2657
362	63	2207
1487	118	2385
2953	84	2614
1635	110	1170
2947	150	3279
526	147	1564
1099	118	1564
1683	89	2126
11	49	1188
457	102	494
0	7	301
3279	71	458
2541	133	520
3033	84	1404
458	82	2645
1839	110	2974
2703	152	2805
1531	0	473
1305	153	487
701	133	520
3008	5	2603
2055	29	2071
1170	110	2167
1731	84	458
984	143	3267
1366	105	3093
2681	29	523
1102	95	2435
1362	108	3045
1308	77	2740
2058	106	301
1551	29	2998
398	84	2338
2947	150	730
2947	44	3279
152	128	1265
1750	108	2234
1487	110	2460
23	62	668
24	68	913
2030	110	670
1237	41	1960
2974	150	3385
907	82	3246
3172	110	1580
458	143	2465
3328	110	41
2465	133	2343
3279	82	3093
2207	110	2703
1329	5	2081
2004	41	2605
979	133	3387
1565	110	1279
559	106	1542
591	7	574
2444	84	2556
144	110	1906
3279	150	2187
559	72	2181
907	5	2824
1726	110	2472
479	108	2259
3357	106	1170
3279	84	2763
1610	41	288
2863	110	3174
3351	41	458
1099	41	300
458	41	2947
137	84	2890
1651	71	3323
562	87	1778
3077	110	1361
995	72	577
3166	150	236
458	110	3136
1147	5	2656
260	95	1112
860	44	1643
1380	118	2893
2679	29	2081
491	84	409
701	66	520
448	49	1330
1896	5	3089
2804	119	2702
2040	110	390
1846	118	3176
458	68	41
261	68	1551
3279	98	352
2703	155	550
3250	35	3279
1092	110	3250
1054	41	1609
2831	41	301
131	105	296
670	51	210
2139	152	2170
210	5	1487
2438	84	1572
523	5	2681
2679	48	3392
960	110	1153
138	108	1121
2947	77	978
2679	120	520
1267	88	496
2474	105	2773
2695	69	3279
2679	106	2058
3286	84	1668
550	152	1004
1384	71	3061
2680	122	521
1990	110	1170
3276	102	2465
1992	5	524
924	84	3378
3153	120	2187
2755	68	458
2058	49	1170
3217	106	2466
491	44	1153
635	59	2500
1601	118	1596
3378	107	1506
479	133	375
1683	41	1382
590	62	3283
1067	84	1662
2465	41	2126
1077	105	2947
3250	95	3168
3093	29	573
3161	118	675
2081	36	3283
102	41	2947
1487	109	520
2109	95	130
3021	29	573
604	16	528
1578	5	2679
3158	29	3357
821	41	301
300	110	1564
2385	84	765
1238	118	1902
131	49	2741
1246	118	920
3327	105	1580
478	84	203
1916	5	301
121	84	2981
767	69	2947
1755	110	2656
1293	44	1102
2862	44	3279
2920	44	2929
277	84	3275
391	41	2835
1912	110	1648
487	48	1015
2638	106	984
2137	152	1487
1842	134	3070
663	5	2306
163	155	473
2947	68	3279
494	105	3288
1293	110	2465
365	98	563
2205	105	3279
1205	122	1854
1204	84	1721
1888	133	860
2081	152	2679
2007	110	2228
1566	128	1085
3097	118	2827
1683	138	591
3378	82	3061
837	110	1116
3319	118	687
1994	41	458
3276	109	3153
1147	5	1849
2655	29	478
1580	118	1683
1683	143	860
1798	110	458
1170	109	1487
409	29	491
1287	110	2929
1892	5	649
2277	110	301
2703	29	743
3296	5	627
352	78	1511
2947	84	1551
2632	118	1491
2793	119	2675
538	5	207
1000	110	1487
926	41	3276
137	118	860
2953	41	2336
2044	5	2687
1147	109	632
250	110	2485
2606	118	139
2353	107	550
849	110	2329
3095	105	260
1329	84	520
133	128	1564
2167	150	1487
3250	72	3033
2050	41	984
1515	110	388
1646	84	1487
2813	62	2444
2452	110	3260
2833	41	84
2679	35	520
228	118	1551
2548	53	458
3289	68	1580
2313	106	595
1564	143	3093
2651	110	3279
2657	110	2364
2680	110	243
3087	110	231
2119	95	3061
1580	106	3376
555	62	1564
412	118	2827
474	44	1277
1888	106	3276
3302	82	228
3065	29	568
1396	110	2990
3319	106	2748
1711	110	927
1593	41	1605
3279	44	2465
2947	65	3327
2918	62	3283
520	41	2515
3375	133	3161
2588	150	586
2707	110	746
907	102	2556
1329	110	2574
41	95	458
3250	116	580
1498	143	1184
1957	41	3319
1063	128	2947
2277	71	213
1565	41	1422
457	143	627
1880	110	434
569	106	366
2422	95	2277
1293	105	1487
2542	29	448
1901	110	3278
2108	41	2126
1790	110	2538
2924	102	2947
1571	118	981
3378	95	1683
2465	29	591
563	72	1487
1436	84	2630
1147	110	723
1395	150	3192
3093	84	573
3146	41	3323
509	86	1102
2041	49	1170
2548	106	2422
561	106	3276
2449	29	1999
856	41	779
860	105	981
1487	95	1936
2353	110	2448
508	68	1889
147	110	775
3327	105	3254
1329	105	2556
3020	95	924
2912	71	1054
2259	44	888
2462	44	2277
334	95	2333
3279	110	3093
3031	108	591
391	110	1170
129	110	984
3406	110	458
1306	41	2638
520	84	2418
550	116	2178
691	41	2891
524	152	2223
591	109	51
2460	84	3344
39	41	2464
138	84	987
1146	143	1547
3279	95	1325
1487	110	425
520	44	2679
591	5	2950
900	68	892
860	82	2343
1775	46	226
1014	18	1814
640	116	39
2595	41	2026
210	36	3283
1730	110	2856
328	106	2947
391	5	2831
1912	110	301
1941	49	984
2492	7	1170
2645	77	3093
173	152	2217
1564	44	3278
1487	5	670
971	105	300
2595	41	2594
2679	110	749
1740	44	2058
1875	18	520
984	44	3250
1623	110	1589
670	5	1249
1797	41	2301
149	118	3093
2556	110	3279
111	5	1216
2644	110	746
515	63	260
1099	105	2630
1333	84	987
458	41	1487
2278	110	1551
1247	106	1120
2759	110	1170
2679	29	3357
2781	84	1487
3392	110	1170
2297	112	3276
1305	109	334
1007	49	1487
1683	71	2343
2984	110	1659
952	71	92
2094	155	2181
121	84	279
1505	41	2435
2465	5	860
785	110	1970
1457	110	2181
1487	95	301
172	105	3289
1737	118	1732
2947	95	300
1885	70	2773
520	152	2797
892	144	447
1321	105	3055
1110	41	860
1487	82	2548
985	118	984
3407	95	2947
296	128	1085
2202	110	2169
391	52	1280
1085	110	3279
156	5	515
2947	95	3164
124	110	2593
2125	148	2465
1921	44	1170
2915	41	2963
1369	41	1683
2671	110	930
1885	110	458
2343	41	2929
924	110	3153
138	84	136
3192	82	1731
1683	41	860
580	147	3153
3199	105	458
984	71	3030
2041	110	1487
121	77	1430
260	143	1580
1719	110	1972
3182	110	1840
3352	44	138
491	16	1260
3276	112	2739
2310	110	1710
2929	110	3223
900	41	1329
1797	110	1218
83	68	758
3115	62	681
320	84	1904
2383	95	993
260	29	479
1147	106	888
2862	105	3250
2947	95	3327
1772	110	1779
3166	116	2155
2864	106	1564
2679	114	1487
1701	95	405
1679	82	495
520	44	3279
734	5	2679
279	29	482
2732	5	994
3093	95	1848
1098	110	3153
3275	143	1121
458	98	2465
1470	105	3250
718	133	2974
257	110	2929
3272	118	2343
3275	84	1110
3224	71	2385
1487	95	300
1483	118	1854
960	77	351
583	1	2640
2947	108	3166
1102	77	3275
1487	82	2679
860	84	3327
2465	5	3279
859	110	228
3276	44	3308
301	110	1487
2707	155	864
860	105	3069
2677	150	516
1096	44	1827
2546	29	563
3033	77	2333
2453	41	2464
3327	110	2992
2419	110	3275
3076	105	301
815	110	3089
2464	68	860
2466	110	3275
670	110	1990
391	108	670
2243	119	2702
105	88	582
192	155	3357
3203	20	2708
2886	41	2679
3093	95	3397
242	155	520
1564	150	1551
277	95	1096
2465	82	3093
1487	110	1892
355	51	520
2453	106	2751
520	44	2679
3378	84	458
1423	107	1793
3254	105	3327
2447	41	1908
396	110	671
3279	106	1580
3356	115	1268
267	143	1662
3275	150	3279
1855	29	75
1614	110	1564
168	152	550
2265	49	3276
487	62	3283
165	44	492
703	5	525
520	66	272
2377	109	520
2121	41	1594
2657	29	520
227	41	1329
3279	143	3288
734	152	24
1300	71	1016
2187	150	3153
3378	95	1339
2187	150	580
66	110	1487
1080	118	1689
2985	142	2464
2574	105	409
1551	71	984
2791	62	3283
2664	29	491
1487	41	1741
3166	150	39
3211	77	1945
915	110	2181
2056	110	422
2271	84	1326
2385	84	3152
1113	110	1793
1974	118	3059
1303	41	1964
1567	84	1425
3276	68	1208
1311	77	1334
1102	110	2904
3024	144	3381
1720	0	2109
1857	106	2289
1067	110	1551
3061	41	3327
1646	41	2385
1293	41	3378
813	71	2692
2190	122	454
1895	62	3283
1866	110	670
2039	110	1809
645	118	3106
1657	41	2252
1580	95	1846
1401	106	2022
3219	84	3279
1506	95	1885
1437	82	3243
1643	110	409
2450	110	2448
2857	63	670
3373	41	2953
959	44	860
2718	155	2098
3327	112	860
